
################################################################################
# Gelman-Rubin Diagnostic
################################################################################

Generally the Gelman diagnostic should be < 1.05


Out of 404 variables: 16 > 1.01

                      
0 > 1.05

                      
0 > 1.1


The worst variables are:

              Point est. Upper C.I.
p.fac1[10,3]    1.049949   1.053520
p.fac1[1,3]     1.033831   1.050991
p.global[3]     1.033831   1.050991
p.fac1[11,3]    1.031297   1.036154
loglik[74]      1.025252   1.028424
loglik[83]      1.022686   1.023196
loglik[73]      1.020314   1.032295
loglik[94]      1.018957   1.019268
ilr.fac2[5,2]   1.017548   1.028482
p.fac1[5,1]     1.015349   1.018028


And here are the Gelman diagnostics for all variables:

                Point est. Upper C.I.
deviance         0.9997384  1.0001654
fac2.sig         1.0103058  1.0334399
ilr.fac1[1,1]          NaN        NaN
ilr.fac1[1,2]          NaN        NaN
ilr.fac1[10,1]   1.0016021  1.0040136
ilr.fac1[10,2]   1.0003493  1.0014762
ilr.fac1[11,1]   1.0008002  1.0026000
ilr.fac1[11,2]   1.0005448  1.0023131
ilr.fac1[2,1]    1.0005474  1.0025858
ilr.fac1[2,2]    1.0004976  1.0030510
ilr.fac1[3,1]    1.0005131  1.0025994
ilr.fac1[3,2]    1.0000402  1.0014000
ilr.fac1[4,1]    0.9997647  1.0002358
ilr.fac1[4,2]    1.0010029  1.0047939
ilr.fac1[5,1]    1.0014620  1.0048102
ilr.fac1[5,2]    1.0015099  1.0057663
ilr.fac1[6,1]    1.0002253  1.0014362
ilr.fac1[6,2]    0.9998974  1.0008657
ilr.fac1[7,1]    1.0001984  1.0015932
ilr.fac1[7,2]    1.0014599  1.0065519
ilr.fac1[8,1]    1.0001439  1.0006784
ilr.fac1[8,2]    0.9997578  1.0002991
ilr.fac1[9,1]    0.9998609  1.0005170
ilr.fac1[9,2]    1.0031542  1.0116473
ilr.fac2[1,1]    1.0017883  1.0055816
ilr.fac2[1,2]    1.0013212  1.0046395
ilr.fac2[10,1]   1.0026024  1.0046727
ilr.fac2[10,2]   1.0018035  1.0075554
ilr.fac2[100,1]  1.0064959  1.0188816
ilr.fac2[100,2]  1.0017980  1.0032170
ilr.fac2[101,1]  1.0034968  1.0041535
ilr.fac2[101,2]  1.0064560  1.0199821
ilr.fac2[102,1]  1.0018565  1.0062179
ilr.fac2[102,2]  1.0001288  1.0016066
ilr.fac2[103,1]  1.0013740  1.0053876
ilr.fac2[103,2]  1.0013890  1.0023351
ilr.fac2[104,1]  1.0005444  1.0006057
ilr.fac2[104,2]  1.0020263  1.0047082
ilr.fac2[105,1]  1.0008515  1.0026647
ilr.fac2[105,2]  1.0001841  1.0013914
ilr.fac2[106,1]  1.0000580  1.0013773
ilr.fac2[106,2]  1.0000464  1.0007999
ilr.fac2[107,1]  1.0023937  1.0065205
ilr.fac2[107,2]  1.0020321  1.0072816
ilr.fac2[108,1]  0.9999006  1.0008160
ilr.fac2[108,2]  1.0008274  1.0026971
ilr.fac2[109,1]  1.0021625  1.0023708
ilr.fac2[109,2]  1.0008140  1.0032649
ilr.fac2[11,1]   1.0011619  1.0045415
ilr.fac2[11,2]   1.0013674  1.0040835
ilr.fac2[110,1]  1.0020258  1.0059533
ilr.fac2[110,2]  1.0008539  1.0026869
ilr.fac2[111,1]  1.0021122  1.0066520
ilr.fac2[111,2]  1.0003889  1.0015638
ilr.fac2[112,1]  1.0055688  1.0165231
ilr.fac2[112,2]  1.0006574  1.0030536
ilr.fac2[113,1]  1.0018562  1.0061466
ilr.fac2[113,2]  1.0013958  1.0045907
ilr.fac2[12,1]   1.0028021  1.0076139
ilr.fac2[12,2]   1.0019834  1.0039281
ilr.fac2[13,1]   1.0014204  1.0024271
ilr.fac2[13,2]   1.0021799  1.0028868
ilr.fac2[14,1]   1.0018689  1.0050577
ilr.fac2[14,2]   1.0008473  1.0041087
ilr.fac2[15,1]   0.9999474  1.0005692
ilr.fac2[15,2]   1.0002149  1.0019766
ilr.fac2[16,1]   1.0044530  1.0113609
ilr.fac2[16,2]   1.0011864  1.0041145
ilr.fac2[17,1]   1.0032199  1.0094402
ilr.fac2[17,2]   0.9999859  1.0005157
ilr.fac2[18,1]   1.0006387  1.0028457
ilr.fac2[18,2]   1.0008406  1.0009888
ilr.fac2[19,1]   1.0002302  1.0003517
ilr.fac2[19,2]   1.0020401  1.0062012
ilr.fac2[2,1]    1.0094119  1.0216411
ilr.fac2[2,2]    1.0089689  1.0165949
ilr.fac2[20,1]   1.0008500  1.0017426
ilr.fac2[20,2]   1.0017494  1.0055057
ilr.fac2[21,1]   1.0057425  1.0160389
ilr.fac2[21,2]   1.0000719  1.0004848
ilr.fac2[22,1]   1.0023288  1.0088206
ilr.fac2[22,2]   1.0061598  1.0181032
ilr.fac2[23,1]   1.0018245  1.0070092
ilr.fac2[23,2]   1.0003382  1.0021014
ilr.fac2[24,1]   1.0056417  1.0216625
ilr.fac2[24,2]   1.0007113  1.0032209
ilr.fac2[25,1]   1.0007118  1.0032365
ilr.fac2[25,2]   1.0009102  1.0016666
ilr.fac2[26,1]   1.0047358  1.0139089
ilr.fac2[26,2]   1.0018542  1.0041630
ilr.fac2[27,1]   1.0000537  1.0010993
ilr.fac2[27,2]   1.0000843  1.0001481
ilr.fac2[28,1]   1.0020518  1.0069070
ilr.fac2[28,2]   1.0066352  1.0232251
ilr.fac2[29,1]   1.0009095  1.0010175
ilr.fac2[29,2]   0.9996115  0.9997392
ilr.fac2[3,1]    1.0040606  1.0117739
ilr.fac2[3,2]    1.0007378  1.0020878
ilr.fac2[30,1]   1.0004624  1.0006448
ilr.fac2[30,2]   1.0001737  1.0009598
ilr.fac2[31,1]   1.0004363  1.0021877
ilr.fac2[31,2]   1.0015276  1.0043100
ilr.fac2[32,1]   1.0009485  1.0028911
ilr.fac2[32,2]   1.0006972  1.0007942
ilr.fac2[33,1]   1.0009405  1.0028216
ilr.fac2[33,2]   1.0010138  1.0013179
ilr.fac2[34,1]   1.0040646  1.0146845
ilr.fac2[34,2]   1.0009263  1.0039915
ilr.fac2[35,1]   1.0000957  1.0004071
ilr.fac2[35,2]   1.0020937  1.0061232
ilr.fac2[36,1]   1.0010955  1.0033303
ilr.fac2[36,2]   1.0004075  1.0020492
ilr.fac2[37,1]   1.0017062  1.0045319
ilr.fac2[37,2]   1.0022462  1.0087800
ilr.fac2[38,1]   0.9997322  1.0002586
ilr.fac2[38,2]   1.0007581  1.0009756
ilr.fac2[39,1]   1.0022609  1.0059986
ilr.fac2[39,2]   1.0008457  1.0030755
ilr.fac2[4,1]    1.0045102  1.0150452
ilr.fac2[4,2]    1.0002753  1.0012596
ilr.fac2[40,1]   0.9997173  1.0000005
ilr.fac2[40,2]   1.0012044  1.0039248
ilr.fac2[41,1]   1.0015706  1.0053852
ilr.fac2[41,2]   1.0024736  1.0046935
ilr.fac2[42,1]   1.0003947  1.0012430
ilr.fac2[42,2]   1.0080169  1.0258127
ilr.fac2[43,1]   1.0011118  1.0049570
ilr.fac2[43,2]   1.0004063  1.0011737
ilr.fac2[44,1]   1.0034531  1.0088366
ilr.fac2[44,2]   1.0004587  1.0011256
ilr.fac2[45,1]   1.0011859  1.0038201
ilr.fac2[45,2]   1.0009351  1.0027351
ilr.fac2[46,1]   0.9999392  1.0008763
ilr.fac2[46,2]   1.0006510  1.0021439
ilr.fac2[47,1]   1.0001593  1.0006998
ilr.fac2[47,2]   0.9997702  0.9998629
ilr.fac2[48,1]   1.0002653  1.0011320
ilr.fac2[48,2]   1.0004168  1.0006531
ilr.fac2[49,1]   1.0013451  1.0015853
ilr.fac2[49,2]   1.0006678  1.0027199
ilr.fac2[5,1]    1.0079496  1.0154366
ilr.fac2[5,2]    1.0175479  1.0284820
ilr.fac2[50,1]   1.0001243  1.0004302
ilr.fac2[50,2]   1.0019283  1.0045057
ilr.fac2[51,1]   1.0003100  1.0015921
ilr.fac2[51,2]   1.0028296  1.0080721
ilr.fac2[52,1]   0.9998646  1.0000045
ilr.fac2[52,2]   1.0012172  1.0044110
ilr.fac2[53,1]   1.0000737  1.0015254
ilr.fac2[53,2]   1.0005683  1.0020038
ilr.fac2[54,1]   1.0001256  1.0012823
ilr.fac2[54,2]   1.0019522  1.0083267
ilr.fac2[55,1]   1.0010686  1.0025440
ilr.fac2[55,2]   0.9997175  0.9998768
ilr.fac2[56,1]   1.0031481  1.0055736
ilr.fac2[56,2]   0.9998174  1.0003494
ilr.fac2[57,1]   1.0023372  1.0083783
ilr.fac2[57,2]   1.0014567  1.0051972
ilr.fac2[58,1]   0.9996810  0.9997079
ilr.fac2[58,2]   1.0006620  1.0009248
ilr.fac2[59,1]   1.0008920  1.0045530
ilr.fac2[59,2]   1.0009519  1.0014948
ilr.fac2[6,1]    1.0000334  1.0003883
ilr.fac2[6,2]    1.0012615  1.0020487
ilr.fac2[60,1]   0.9998378  1.0002706
ilr.fac2[60,2]   1.0016959  1.0046353
ilr.fac2[61,1]   1.0000445  1.0014414
ilr.fac2[61,2]   1.0003795  1.0020608
ilr.fac2[62,1]   1.0051297  1.0178021
ilr.fac2[62,2]   1.0011906  1.0032652
ilr.fac2[63,1]   1.0000785  1.0009097
ilr.fac2[63,2]   1.0002957  1.0008207
ilr.fac2[64,1]   1.0021919  1.0027517
ilr.fac2[64,2]   1.0004337  1.0024659
ilr.fac2[65,1]   1.0004891  1.0028639
ilr.fac2[65,2]   1.0015915  1.0052894
ilr.fac2[66,1]   1.0002022  1.0017895
ilr.fac2[66,2]   1.0000685  1.0005386
ilr.fac2[67,1]   1.0025420  1.0093863
ilr.fac2[67,2]   1.0015492  1.0039586
ilr.fac2[68,1]   1.0058878  1.0158610
ilr.fac2[68,2]   1.0005529  1.0009386
ilr.fac2[69,1]   1.0020555  1.0060407
ilr.fac2[69,2]   1.0001814  1.0019734
ilr.fac2[7,1]    1.0005646  1.0007828
ilr.fac2[7,2]    1.0038282  1.0064717
ilr.fac2[70,1]   1.0065514  1.0093120
ilr.fac2[70,2]   1.0004216  1.0005720
ilr.fac2[71,1]   1.0000297  1.0007722
ilr.fac2[71,2]   1.0012449  1.0028119
ilr.fac2[72,1]   0.9997539  0.9999673
ilr.fac2[72,2]   0.9998749  1.0007256
ilr.fac2[73,1]   1.0017077  1.0068044
ilr.fac2[73,2]   0.9998771  0.9999858
ilr.fac2[74,1]   1.0010543  1.0013703
ilr.fac2[74,2]   0.9999991  1.0000971
ilr.fac2[75,1]   1.0050383  1.0157129
ilr.fac2[75,2]   0.9998674  1.0003501
ilr.fac2[76,1]   1.0021776  1.0029459
ilr.fac2[76,2]   1.0013128  1.0022283
ilr.fac2[77,1]   1.0000777  1.0014732
ilr.fac2[77,2]   1.0002414  1.0012510
ilr.fac2[78,1]   1.0002773  1.0012245
ilr.fac2[78,2]   1.0000561  1.0004510
ilr.fac2[79,1]   1.0011478  1.0022984
ilr.fac2[79,2]   1.0012129  1.0050644
ilr.fac2[8,1]    1.0011958  1.0049991
ilr.fac2[8,2]    1.0005113  1.0030398
ilr.fac2[80,1]   1.0004583  1.0011480
ilr.fac2[80,2]   1.0008480  1.0014514
ilr.fac2[81,1]   1.0003074  1.0009686
ilr.fac2[81,2]   0.9997780  1.0002443
ilr.fac2[82,1]   1.0033680  1.0099624
ilr.fac2[82,2]   1.0004962  1.0025557
ilr.fac2[83,1]   1.0026135  1.0084843
ilr.fac2[83,2]   1.0012677  1.0029505
ilr.fac2[84,1]   1.0021854  1.0085139
ilr.fac2[84,2]   1.0001169  1.0004609
ilr.fac2[85,1]   1.0006716  1.0026039
ilr.fac2[85,2]   1.0008887  1.0019703
ilr.fac2[86,1]   1.0010647  1.0040918
ilr.fac2[86,2]   1.0006863  1.0028886
ilr.fac2[87,1]   1.0003504  1.0013524
ilr.fac2[87,2]   1.0003078  1.0017912
ilr.fac2[88,1]   1.0001811  1.0004871
ilr.fac2[88,2]   1.0010929  1.0014248
ilr.fac2[89,1]   1.0009880  1.0013110
ilr.fac2[89,2]   1.0030673  1.0040675
ilr.fac2[9,1]    1.0033705  1.0130791
ilr.fac2[9,2]    1.0007931  1.0011508
ilr.fac2[90,1]   1.0001362  1.0015335
ilr.fac2[90,2]   1.0005713  1.0022020
ilr.fac2[91,1]   1.0044390  1.0115637
ilr.fac2[91,2]   0.9999212  1.0001948
ilr.fac2[92,1]   1.0033555  1.0070518
ilr.fac2[92,2]   1.0005120  1.0015774
ilr.fac2[93,1]   1.0003506  1.0018171
ilr.fac2[93,2]   0.9996419  1.0000136
ilr.fac2[94,1]   1.0005473  1.0007021
ilr.fac2[94,2]   0.9997585  1.0003360
ilr.fac2[95,1]   1.0001672  1.0017239
ilr.fac2[95,2]   1.0009174  1.0040325
ilr.fac2[96,1]   1.0000492  1.0010095
ilr.fac2[96,2]   1.0027609  1.0077670
ilr.fac2[97,1]   1.0009919  1.0039674
ilr.fac2[97,2]   1.0000982  1.0012646
ilr.fac2[98,1]   1.0010790  1.0047592
ilr.fac2[98,2]   1.0022665  1.0041435
ilr.fac2[99,1]   1.0012534  1.0046349
ilr.fac2[99,2]   1.0016068  1.0048940
ilr.global[1]    1.0042350  1.0135244
ilr.global[2]    1.0145929  1.0341431
loglik[1]        1.0004996  1.0014170
loglik[10]       1.0027880  1.0112871
loglik[100]      1.0004918  1.0018921
loglik[101]      1.0036927  1.0081920
loglik[102]      1.0028618  1.0105686
loglik[103]      1.0005065  1.0018787
loglik[104]      1.0046356  1.0057053
loglik[105]      1.0023094  1.0056525
loglik[106]      1.0061614  1.0081371
loglik[107]      1.0021117  1.0034923
loglik[108]      1.0001096  1.0005557
loglik[109]      1.0000946  1.0013876
loglik[11]       1.0032680  1.0045812
loglik[110]      0.9996739  0.9999460
loglik[111]      1.0063864  1.0065565
loglik[112]      1.0002591  1.0003086
loglik[113]      0.9996139  0.9996234
loglik[12]       1.0029772  1.0058016
loglik[13]       1.0007387  1.0023023
loglik[14]       1.0018647  1.0080879
loglik[15]       1.0023131  1.0027664
loglik[16]       1.0007895  1.0040442
loglik[17]       0.9999057  1.0003336
loglik[18]       1.0003047  1.0003948
loglik[19]       1.0062215  1.0082711
loglik[2]        1.0024710  1.0033652
loglik[20]       1.0006170  1.0026799
loglik[21]       1.0074093  1.0126682
loglik[22]       1.0032322  1.0118788
loglik[23]       1.0016557  1.0060488
loglik[24]       1.0000529  1.0009525
loglik[25]       1.0023414  1.0040499
loglik[26]       1.0060107  1.0075589
loglik[27]       1.0018831  1.0027219
loglik[28]       1.0012649  1.0028439
loglik[29]       1.0002351  1.0009245
loglik[3]        1.0004492  1.0005377
loglik[30]       0.9996425  0.9999655
loglik[31]       1.0013099  1.0016333
loglik[32]       1.0134087  1.0153243
loglik[33]       0.9997498  0.9999345
loglik[34]       1.0010773  1.0031569
loglik[35]       1.0044371  1.0067146
loglik[36]       1.0008446  1.0015853
loglik[37]       1.0000953  1.0004442
loglik[38]       1.0068521  1.0112858
loglik[39]       1.0016483  1.0029811
loglik[4]        1.0009770  1.0034060
loglik[40]       0.9998675  1.0003592
loglik[41]       1.0006621  1.0010042
loglik[42]       0.9997809  1.0002680
loglik[43]       1.0029708  1.0033684
loglik[44]       1.0003420  1.0012395
loglik[45]       1.0006020  1.0029291
loglik[46]       1.0042852  1.0059983
loglik[47]       1.0009075  1.0031722
loglik[48]       1.0023961  1.0030008
loglik[49]       1.0001508  1.0007125
loglik[5]        1.0008925  1.0031996
loglik[50]       0.9997574  0.9998984
loglik[51]       1.0047567  1.0050659
loglik[52]       1.0002999  1.0009146
loglik[53]       1.0038570  1.0050487
loglik[54]       1.0009038  1.0015690
loglik[55]       1.0039420  1.0098609
loglik[56]       1.0046644  1.0051104
loglik[57]       1.0082630  1.0119735
loglik[58]       1.0029544  1.0037768
loglik[59]       1.0095169  1.0117208
loglik[6]        1.0062421  1.0069824
loglik[60]       1.0079056  1.0103806
loglik[61]       1.0052979  1.0060286
loglik[62]       1.0055038  1.0186197
loglik[63]       1.0040088  1.0041491
loglik[64]       1.0005002  1.0010445
loglik[65]       1.0003966  1.0007394
loglik[66]       1.0025021  1.0029059
loglik[67]       1.0010682  1.0026204
loglik[68]       1.0024346  1.0038308
loglik[69]       1.0004344  1.0025423
loglik[7]        1.0002293  1.0011476
loglik[70]       1.0057122  1.0075886
loglik[71]       1.0054160  1.0074937
loglik[72]       1.0023413  1.0033567
loglik[73]       1.0203140  1.0322950
loglik[74]       1.0252522  1.0284244
loglik[75]       1.0023064  1.0024024
loglik[76]       1.0053503  1.0112606
loglik[77]       1.0012982  1.0018754
loglik[78]       1.0047031  1.0064895
loglik[79]       1.0021438  1.0055490
loglik[8]        1.0004394  1.0024404
loglik[80]       1.0024958  1.0051527
loglik[81]       1.0026807  1.0046062
loglik[82]       1.0009312  1.0037519
loglik[83]       1.0226856  1.0231955
loglik[84]       0.9998661  0.9999492
loglik[85]       1.0113731  1.0114252
loglik[86]       0.9998796  1.0008245
loglik[87]       1.0075746  1.0085521
loglik[88]       1.0012635  1.0027301
loglik[89]       1.0002476  1.0003431
loglik[9]        1.0013301  1.0018714
loglik[90]       1.0078670  1.0095208
loglik[91]       1.0038475  1.0071037
loglik[92]       1.0031404  1.0032392
loglik[93]       1.0059931  1.0076180
loglik[94]       1.0189570  1.0192683
loglik[95]       1.0019941  1.0031856
loglik[96]       1.0008168  1.0024032
loglik[97]       1.0097089  1.0131455
loglik[98]       0.9996988  1.0001526
loglik[99]       1.0025480  1.0070927
p.fac1[1,1]      1.0034159  1.0092570
p.fac1[1,2]      1.0033356  1.0099808
p.fac1[1,3]      1.0338313  1.0509908
p.fac1[10,1]     1.0100808  1.0136457
p.fac1[10,2]     1.0068514  1.0086423
p.fac1[10,3]     1.0499488  1.0535196
p.fac1[11,1]     1.0000105  1.0006190
p.fac1[11,2]     0.9997529  0.9998042
p.fac1[11,3]     1.0312969  1.0361536
p.fac1[2,1]      1.0009822  1.0035463
p.fac1[2,2]      1.0007442  1.0033222
p.fac1[2,3]      1.0011511  1.0014160
p.fac1[3,1]      1.0014314  1.0054466
p.fac1[3,2]      1.0021122  1.0080029
p.fac1[3,3]      1.0039268  1.0095889
p.fac1[4,1]      1.0000865  1.0005624
p.fac1[4,2]      1.0002675  1.0007580
p.fac1[4,3]      1.0062334  1.0079562
p.fac1[5,1]      1.0153490  1.0180285
p.fac1[5,2]      1.0131871  1.0150610
p.fac1[5,3]      1.0048704  1.0094759
p.fac1[6,1]      1.0022182  1.0059009
p.fac1[6,2]      1.0023250  1.0063338
p.fac1[6,3]      1.0096875  1.0134652
p.fac1[7,1]      1.0012275  1.0046465
p.fac1[7,2]      1.0018863  1.0067384
p.fac1[7,3]      1.0070037  1.0170524
p.fac1[8,1]      1.0009036  1.0025024
p.fac1[8,2]      1.0010457  1.0030070
p.fac1[8,3]      1.0041181  1.0086768
p.fac1[9,1]      1.0014113  1.0048051
p.fac1[9,2]      1.0014792  1.0060695
p.fac1[9,3]      1.0037404  1.0069456
p.global[1]      1.0034159  1.0092570
p.global[2]      1.0033356  1.0099808
p.global[3]      1.0338313  1.0509908
resid.prop[1]    1.0004455  1.0028231
resid.prop[2]    1.0010465  1.0037707
resid.prop[3]    1.0009123  1.0041964

################################################################################
# Geweke Diagnostic
################################################################################

The Geweke diagnostic is a standard z-score, so we'd expect 5% to be outside +/-1.96
Number of variables outside +/-1.96 in each chain (out of 
404
):


       Chain 1 Chain 2 Chain 3
Geweke      57      12      66


And here are the Geweke diagnostics for all variables:

                chain1 chain2 chain3
deviance         1.310  1.049  1.549
fac2.sig         1.883  0.260  0.464
ilr.fac1[10,1]   1.105  0.217  0.433
ilr.fac1[10,2]  -0.137 -0.012 -1.554
ilr.fac1[11,1]  -0.935  0.643  0.490
ilr.fac1[11,2]  -1.300 -0.842 -2.113
ilr.fac1[2,1]    1.619  0.248 -0.331
ilr.fac1[2,2]    0.104 -0.101 -0.468
ilr.fac1[3,1]   -0.310 -1.131 -2.246
ilr.fac1[3,2]   -1.863  1.145 -2.552
ilr.fac1[4,1]   -0.482 -0.705 -2.949
ilr.fac1[4,2]    0.556  0.599 -2.163
ilr.fac1[5,1]   -0.712  0.897 -1.273
ilr.fac1[5,2]   -1.018 -1.141 -2.905
ilr.fac1[6,1]   -0.324  0.466 -1.254
ilr.fac1[6,2]   -1.287 -0.106 -2.322
ilr.fac1[7,1]    1.950  0.199 -1.082
ilr.fac1[7,2]   -2.891  1.186 -1.795
ilr.fac1[8,1]   -0.353 -1.295 -0.520
ilr.fac1[8,2]   -1.129  0.250 -1.744
ilr.fac1[9,1]    0.095  0.531 -1.148
ilr.fac1[9,2]   -1.636 -0.056 -1.514
ilr.fac2[1,1]    3.113  0.622 -1.173
ilr.fac2[1,2]    0.054  1.368 -0.173
ilr.fac2[10,1]  -1.493  0.254 -0.655
ilr.fac2[10,2]  -0.402  0.738  1.526
ilr.fac2[100,1]  1.763 -0.428 -0.047
ilr.fac2[100,2]  0.142 -0.412 -1.316
ilr.fac2[101,1]  0.764  0.894 -0.874
ilr.fac2[101,2] -1.815 -0.479 -2.689
ilr.fac2[102,1] -0.807 -1.827  0.488
ilr.fac2[102,2]  1.033 -0.860 -0.630
ilr.fac2[103,1] -0.422 -0.140 -1.422
ilr.fac2[103,2] -0.220  1.383 -1.127
ilr.fac2[104,1]  0.887 -1.337 -1.043
ilr.fac2[104,2] -3.711  0.310  0.352
ilr.fac2[105,1] -1.947 -1.496  0.591
ilr.fac2[105,2]  0.367  0.200  0.808
ilr.fac2[106,1] -1.498  0.086 -1.933
ilr.fac2[106,2]  0.109  0.142 -0.747
ilr.fac2[107,1] -1.889 -1.564 -0.511
ilr.fac2[107,2]  0.017  0.784 -0.450
ilr.fac2[108,1]  0.748 -0.309 -2.272
ilr.fac2[108,2] -1.709 -0.263 -0.805
ilr.fac2[109,1]  1.204  0.097 -2.447
ilr.fac2[109,2] -1.771 -0.457 -2.050
ilr.fac2[11,1]  -0.802  0.304 -1.999
ilr.fac2[11,2]  -0.085  0.739 -1.979
ilr.fac2[110,1]  1.799 -2.079 -0.085
ilr.fac2[110,2]  0.002 -1.617  0.172
ilr.fac2[111,1]  0.159  0.187 -1.175
ilr.fac2[111,2]  1.567 -0.255  0.271
ilr.fac2[112,1]  0.378  0.329 -1.229
ilr.fac2[112,2] -1.465  2.251  1.954
ilr.fac2[113,1]  0.033 -0.593 -2.082
ilr.fac2[113,2] -0.406 -0.714 -2.084
ilr.fac2[12,1]   0.855  0.401 -0.359
ilr.fac2[12,2]   1.288 -1.395 -0.537
ilr.fac2[13,1]   1.083 -0.135  0.625
ilr.fac2[13,2]  -1.411  0.359  1.250
ilr.fac2[14,1]  -0.251  1.114 -1.857
ilr.fac2[14,2]   0.981 -0.550 -0.968
ilr.fac2[15,1]  -1.580  2.120 -0.663
ilr.fac2[15,2]  -1.155  0.202  0.130
ilr.fac2[16,1]  -0.782  0.069 -0.700
ilr.fac2[16,2]  -0.272  1.302 -0.734
ilr.fac2[17,1]   0.642  0.312 -0.615
ilr.fac2[17,2]   0.608  0.344 -0.930
ilr.fac2[18,1]  -1.696 -0.598 -2.415
ilr.fac2[18,2]   0.686  1.159 -0.098
ilr.fac2[19,1]  -0.711  0.357  0.277
ilr.fac2[19,2]   0.079  1.196 -0.519
ilr.fac2[2,1]    1.603 -0.524 -0.963
ilr.fac2[2,2]   -2.081 -0.732 -2.736
ilr.fac2[20,1]   0.325 -0.491 -0.588
ilr.fac2[20,2]   0.308  0.497  0.588
ilr.fac2[21,1]   2.120 -0.489  0.253
ilr.fac2[21,2]  -0.974  1.136 -1.705
ilr.fac2[22,1]  -0.732 -1.550 -1.255
ilr.fac2[22,2]  -2.369 -1.041 -2.830
ilr.fac2[23,1]   2.303  0.314  0.900
ilr.fac2[23,2]   0.395 -0.434 -2.337
ilr.fac2[24,1]   1.579  0.090  0.364
ilr.fac2[24,2]   0.442  1.060  1.096
ilr.fac2[25,1]  -2.381  0.180 -0.760
ilr.fac2[25,2]   0.338  1.286  1.844
ilr.fac2[26,1]  -1.443  1.280  0.139
ilr.fac2[26,2]  -2.164 -0.795 -1.038
ilr.fac2[27,1]  -1.600  0.675 -1.814
ilr.fac2[27,2]  -0.095 -0.774 -1.661
ilr.fac2[28,1]   0.230  0.742 -1.173
ilr.fac2[28,2]  -0.905 -0.580 -1.002
ilr.fac2[29,1]   0.481  0.892  0.264
ilr.fac2[29,2]   0.635  1.313  0.194
ilr.fac2[3,1]   -3.052 -0.511 -1.149
ilr.fac2[3,2]   -1.141  0.417 -0.620
ilr.fac2[30,1]   0.089  1.245 -0.083
ilr.fac2[30,2]   1.010 -1.185 -0.029
ilr.fac2[31,1]   1.262  0.006 -3.324
ilr.fac2[31,2]   0.601 -1.127 -0.429
ilr.fac2[32,1]  -0.552 -0.563 -0.272
ilr.fac2[32,2]   0.822  0.365 -0.158
ilr.fac2[33,1]  -0.752 -1.181  0.968
ilr.fac2[33,2]   0.265 -0.757  0.193
ilr.fac2[34,1]   0.031 -0.579  2.220
ilr.fac2[34,2]   0.184  0.152 -0.201
ilr.fac2[35,1]  -1.171  0.472 -1.254
ilr.fac2[35,2]  -0.203 -1.367 -1.711
ilr.fac2[36,1]  -2.762  0.635  0.969
ilr.fac2[36,2]   0.356 -0.831  0.116
ilr.fac2[37,1]  -0.308 -0.451  0.687
ilr.fac2[37,2]  -0.546 -0.302 -0.556
ilr.fac2[38,1]  -0.298 -0.455  1.866
ilr.fac2[38,2]  -1.494  1.172  0.953
ilr.fac2[39,1]   0.465 -0.385 -0.690
ilr.fac2[39,2]   1.529 -0.708  1.636
ilr.fac2[4,1]    1.481  0.449 -0.442
ilr.fac2[4,2]   -0.205 -0.831 -1.462
ilr.fac2[40,1]   0.924  0.635 -1.084
ilr.fac2[40,2]   0.113  0.817 -1.147
ilr.fac2[41,1]  -0.201 -0.462 -1.826
ilr.fac2[41,2]   0.650 -0.844 -1.334
ilr.fac2[42,1]   1.031  0.052 -0.380
ilr.fac2[42,2]  -3.405 -0.712 -2.027
ilr.fac2[43,1]   1.346  0.157  0.156
ilr.fac2[43,2]   0.725 -0.388  0.253
ilr.fac2[44,1]   0.143 -0.678 -0.715
ilr.fac2[44,2]   1.564 -0.729 -0.274
ilr.fac2[45,1]   2.533 -1.159 -0.840
ilr.fac2[45,2]   0.627 -1.248 -1.271
ilr.fac2[46,1]  -0.972 -1.312  0.744
ilr.fac2[46,2]   1.033 -0.414 -0.879
ilr.fac2[47,1]  -0.496  0.457  0.236
ilr.fac2[47,2]  -0.183 -1.651 -2.109
ilr.fac2[48,1]  -1.621 -0.112 -1.102
ilr.fac2[48,2]  -1.077 -0.433  0.684
ilr.fac2[49,1]   0.248  0.364  2.036
ilr.fac2[49,2]   0.291  0.658  0.983
ilr.fac2[5,1]    3.389 -0.233 -0.855
ilr.fac2[5,2]   -3.256 -0.628 -3.775
ilr.fac2[50,1]  -1.055 -0.871 -0.025
ilr.fac2[50,2]  -0.238 -0.481 -0.266
ilr.fac2[51,1]   2.129  0.191  0.415
ilr.fac2[51,2]   1.488  0.261 -0.252
ilr.fac2[52,1]   0.171  0.573  0.799
ilr.fac2[52,2]  -0.979  1.548  1.267
ilr.fac2[53,1]   1.465 -0.342  1.372
ilr.fac2[53,2]  -0.127 -1.627  0.247
ilr.fac2[54,1]   0.322 -0.093  0.720
ilr.fac2[54,2]   1.321  1.376 -0.060
ilr.fac2[55,1]  -1.172 -0.388 -0.749
ilr.fac2[55,2]  -0.076  0.226 -1.717
ilr.fac2[56,1]   2.114  0.213  1.696
ilr.fac2[56,2]  -3.105 -0.316 -1.784
ilr.fac2[57,1]   0.433  0.363  0.651
ilr.fac2[57,2]   0.963 -0.844  0.625
ilr.fac2[58,1]   0.488 -1.824 -1.032
ilr.fac2[58,2]   0.115 -1.364  0.332
ilr.fac2[59,1]  -1.598 -1.773 -1.994
ilr.fac2[59,2]   0.039 -1.514  0.268
ilr.fac2[6,1]   -1.345  0.002 -1.245
ilr.fac2[6,2]    0.142 -0.120 -1.516
ilr.fac2[60,1]  -1.443  0.018  0.717
ilr.fac2[60,2]   0.114 -0.983 -1.355
ilr.fac2[61,1]  -0.579 -1.079 -0.843
ilr.fac2[61,2]  -0.660  0.482 -0.111
ilr.fac2[62,1]  -0.030 -1.711  0.659
ilr.fac2[62,2]  -0.192 -1.762  1.396
ilr.fac2[63,1]   0.253 -0.218  0.255
ilr.fac2[63,2]   0.989  0.570  0.807
ilr.fac2[64,1]   0.048 -0.571  0.077
ilr.fac2[64,2]  -0.929 -0.594  0.168
ilr.fac2[65,1]  -1.356 -1.394 -1.689
ilr.fac2[65,2]   0.037  0.613 -0.264
ilr.fac2[66,1]  -0.033 -1.527 -1.729
ilr.fac2[66,2]  -0.993 -2.535  0.454
ilr.fac2[67,1]   2.903  0.548 -0.308
ilr.fac2[67,2]  -1.764 -0.169 -2.851
ilr.fac2[68,1]   1.719 -0.226 -0.363
ilr.fac2[68,2]  -1.363 -0.306  0.111
ilr.fac2[69,1]   2.893 -0.538 -0.563
ilr.fac2[69,2]   1.431  1.054  0.899
ilr.fac2[7,1]    1.381 -0.324  0.954
ilr.fac2[7,2]    1.942  2.344 -0.820
ilr.fac2[70,1]   0.315  0.361 -2.039
ilr.fac2[70,2]   2.251 -0.223 -0.388
ilr.fac2[71,1]   0.091  0.888 -0.597
ilr.fac2[71,2]   0.297 -0.623 -0.691
ilr.fac2[72,1]  -0.629 -0.565  0.858
ilr.fac2[72,2]   1.397 -1.406  0.112
ilr.fac2[73,1]  -0.683 -1.648 -0.052
ilr.fac2[73,2]  -0.691  1.301 -0.264
ilr.fac2[74,1]  -1.811 -0.387 -1.865
ilr.fac2[74,2]  -0.741 -2.414 -0.582
ilr.fac2[75,1]   3.384  0.093 -1.990
ilr.fac2[75,2]   0.154 -0.772  0.424
ilr.fac2[76,1]   1.502 -2.360 -0.718
ilr.fac2[76,2]  -0.067 -1.143  0.304
ilr.fac2[77,1]  -2.062  1.406  0.872
ilr.fac2[77,2]  -1.958  1.101  0.423
ilr.fac2[78,1]   0.534  0.195 -0.911
ilr.fac2[78,2]  -0.323 -1.043  0.128
ilr.fac2[79,1]   0.206 -0.857 -0.974
ilr.fac2[79,2]   0.230  0.983  0.466
ilr.fac2[8,1]    1.435  0.086 -2.568
ilr.fac2[8,2]    0.097  0.094 -3.090
ilr.fac2[80,1]   0.630 -0.695 -0.250
ilr.fac2[80,2]   0.944 -0.121  1.303
ilr.fac2[81,1]  -1.138 -0.086 -1.797
ilr.fac2[81,2]   1.014  0.859  0.154
ilr.fac2[82,1]   0.163 -0.649  1.770
ilr.fac2[82,2]  -0.725  0.316  0.134
ilr.fac2[83,1]   0.417  0.573 -1.624
ilr.fac2[83,2]   0.290 -0.348  0.197
ilr.fac2[84,1]   0.799 -0.629 -2.006
ilr.fac2[84,2]   0.654 -1.255 -0.840
ilr.fac2[85,1]  -1.896 -0.590 -0.131
ilr.fac2[85,2]  -0.696 -0.291 -0.165
ilr.fac2[86,1]   0.729 -0.008 -0.716
ilr.fac2[86,2]   1.142  1.011 -0.149
ilr.fac2[87,1]  -0.617 -0.410  0.377
ilr.fac2[87,2]   0.278  1.178 -0.722
ilr.fac2[88,1]   0.752 -0.125  0.105
ilr.fac2[88,2]  -0.102  0.511  0.311
ilr.fac2[89,1]   2.418  0.020 -1.095
ilr.fac2[89,2]   0.209  1.174 -0.020
ilr.fac2[9,1]    1.115 -0.969 -1.210
ilr.fac2[9,2]   -0.113 -1.780 -1.705
ilr.fac2[90,1]  -0.827  0.398 -1.471
ilr.fac2[90,2]  -0.007 -0.247  1.614
ilr.fac2[91,1]  -0.081  1.638 -1.270
ilr.fac2[91,2]  -1.457 -0.256 -0.151
ilr.fac2[92,1]   1.637  0.093 -0.007
ilr.fac2[92,2]   1.378  0.559 -0.414
ilr.fac2[93,1]   0.081 -0.325 -1.274
ilr.fac2[93,2]  -0.899 -2.124 -0.728
ilr.fac2[94,1]  -0.065 -0.718 -0.501
ilr.fac2[94,2]  -0.431  0.206 -0.274
ilr.fac2[95,1]   1.989  0.233 -0.647
ilr.fac2[95,2]  -0.367 -1.532 -1.193
ilr.fac2[96,1]  -1.474 -0.132 -2.835
ilr.fac2[96,2]  -0.890 -1.008  0.638
ilr.fac2[97,1]   0.738  0.801 -0.815
ilr.fac2[97,2]   0.748  0.020 -0.045
ilr.fac2[98,1]  -0.078  1.152 -0.784
ilr.fac2[98,2]  -0.162 -0.444  0.547
ilr.fac2[99,1]   1.318  0.419 -0.958
ilr.fac2[99,2]  -0.299 -0.100 -1.863
ilr.global[1]   -1.913  0.178  2.394
ilr.global[2]    2.756  0.513  2.745
loglik[1]        0.817 -0.267  0.510
loglik[10]      -0.415 -0.566 -2.409
loglik[100]      2.130 -0.070  0.015
loglik[101]     -1.030 -0.494 -0.823
loglik[102]     -1.622 -0.921  1.924
loglik[103]      0.693  0.623 -1.338
loglik[104]     -1.467 -0.138 -0.525
loglik[105]     -0.679 -0.058 -1.971
loglik[106]      0.880  1.291 -0.848
loglik[107]      0.069 -0.478  0.752
loglik[108]      0.066  1.778  0.139
loglik[109]     -1.728 -0.040 -0.130
loglik[11]       0.240 -1.709 -0.789
loglik[110]      1.186 -1.437 -0.163
loglik[111]     -0.827  1.155  1.553
loglik[112]     -0.009 -0.575 -0.663
loglik[113]     -1.524 -0.728 -2.251
loglik[12]      -0.044 -0.203  0.111
loglik[13]      -1.039 -1.015 -2.376
loglik[14]      -0.774 -0.527 -1.441
loglik[15]       0.173 -0.488 -1.954
loglik[16]       0.379 -1.105 -1.116
loglik[17]      -0.842 -0.024 -2.470
loglik[18]      -0.087 -0.891  0.205
loglik[19]      -0.319  0.203  0.419
loglik[2]        0.594  1.144 -0.469
loglik[20]      -0.324 -0.325  3.094
loglik[21]       0.461 -1.120 -0.789
loglik[22]      -1.669 -0.137 -1.404
loglik[23]      -0.160  0.308  3.256
loglik[24]       0.208 -1.353  1.666
loglik[25]      -1.047 -0.877 -2.001
loglik[26]      -0.260 -0.622  0.170
loglik[27]       0.566  0.646  0.266
loglik[28]      -1.138 -0.213 -0.494
loglik[29]       0.339 -2.264 -1.392
loglik[3]       -2.380 -0.274 -0.253
loglik[30]      -0.825  1.293  1.362
loglik[31]       0.103  0.376 -1.053
loglik[32]      -0.941  2.346 -1.400
loglik[33]      -1.521 -1.138 -1.155
loglik[34]      -0.463 -0.374 -1.288
loglik[35]       0.605 -0.197  0.196
loglik[36]       0.115  0.231  0.888
loglik[37]      -0.549 -0.880 -0.041
loglik[38]       4.586 -0.624 -0.322
loglik[39]      -1.673  0.384  0.343
loglik[4]       -0.191  0.922 -0.831
loglik[40]       1.096  0.221 -0.296
loglik[41]      -1.253 -1.244 -1.015
loglik[42]       0.118  0.126 -0.784
loglik[43]      -0.255 -1.436  0.595
loglik[44]      -0.640  0.050  0.972
loglik[45]       0.445  1.709 -0.966
loglik[46]       1.686  0.654 -0.911
loglik[47]       0.465 -0.360  0.324
loglik[48]       0.972 -1.184  2.027
loglik[49]      -0.781 -1.790  0.104
loglik[5]        0.690 -0.415  2.301
loglik[50]       1.213  0.182 -0.952
loglik[51]      -0.842 -0.248 -0.105
loglik[52]      -0.640 -0.438  1.047
loglik[53]      -0.503  0.224  0.437
loglik[54]      -0.610 -0.045  0.737
loglik[55]      -0.079  1.264  0.988
loglik[56]       2.598  0.627 -0.245
loglik[57]       0.236 -1.092 -0.865
loglik[58]       0.003  0.975 -0.598
loglik[59]      -0.155 -1.218  0.487
loglik[6]       -0.116  0.191  0.330
loglik[60]      -0.073 -1.148  0.805
loglik[61]      -0.219  0.008 -1.892
loglik[62]      -0.760 -0.252  0.747
loglik[63]       1.482  1.775  0.831
loglik[64]       0.605 -0.559  0.050
loglik[65]      -0.001 -0.019 -0.481
loglik[66]       0.160  1.094  1.074
loglik[67]      -0.775  0.293 -0.124
loglik[68]      -0.527 -0.400 -0.830
loglik[69]      -1.954 -0.981 -0.705
loglik[7]       -0.588 -2.421  1.243
loglik[70]      -1.406  0.225 -0.945
loglik[71]      -0.750 -0.389  0.330
loglik[72]      -0.230 -0.579 -1.994
loglik[73]      -0.813 -0.551 -0.754
loglik[74]      -0.082 -0.384  1.233
loglik[75]       2.747  0.348 -0.882
loglik[76]      -0.362 -1.618  0.190
loglik[77]       0.243  0.794 -1.040
loglik[78]      -0.279  0.406 -0.023
loglik[79]       0.327  0.475 -0.046
loglik[8]        0.713  1.380 -1.496
loglik[80]       0.840  1.110  0.706
loglik[81]       2.235 -1.439  1.604
loglik[82]       1.189 -0.965 -0.792
loglik[83]       0.818  1.116  1.160
loglik[84]       0.888  1.007  0.038
loglik[85]       0.867 -0.829  0.007
loglik[86]      -0.328 -0.134  0.022
loglik[87]      -1.447  0.045  0.052
loglik[88]       0.372  0.744 -0.225
loglik[89]       0.070  0.479 -0.019
loglik[9]       -2.885  0.477 -0.525
loglik[90]       0.765 -0.713  0.723
loglik[91]      -1.210  2.559 -2.205
loglik[92]      -0.699 -0.269  0.249
loglik[93]      -1.135  0.581 -0.685
loglik[94]      -0.378 -0.490 -1.157
loglik[95]      -2.037  0.466 -1.045
loglik[96]      -0.208 -0.140 -2.384
loglik[97]       1.495 -1.809  2.112
loglik[98]       0.317  0.504 -0.203
loglik[99]       0.133  0.123  1.029
p.fac1[1,1]     -2.509  0.280  1.832
p.fac1[1,2]      2.670 -0.204 -1.118
p.fac1[1,3]     -2.780 -0.122 -3.430
p.fac1[10,1]    -1.995  0.355  1.900
p.fac1[10,2]     2.235 -0.195 -1.276
p.fac1[10,3]    -1.636 -0.623 -3.007
p.fac1[11,1]    -1.230  0.884  2.592
p.fac1[11,2]     1.471 -0.600 -2.010
p.fac1[11,3]    -2.884 -0.464 -2.153
p.fac1[2,1]     -0.280  0.216  0.900
p.fac1[2,2]      0.532 -0.062 -0.622
p.fac1[2,3]     -3.556 -0.897 -3.255
p.fac1[3,1]     -2.187  0.131  0.312
p.fac1[3,2]      3.214  0.048  0.355
p.fac1[3,3]     -3.025 -0.262 -2.328
p.fac1[4,1]     -1.246 -0.075 -0.308
p.fac1[4,2]      1.856  0.090  1.193
p.fac1[4,3]     -2.565 -0.089 -3.024
p.fac1[5,1]     -1.561  0.720  0.268
p.fac1[5,2]      1.867 -0.691  0.034
p.fac1[5,3]     -3.560  0.723 -2.551
p.fac1[6,1]     -2.998  1.214  2.545
p.fac1[6,2]      3.512 -1.041 -2.133
p.fac1[6,3]     -2.791 -1.782 -2.764
p.fac1[7,1]     -0.449  1.157  0.880
p.fac1[7,2]      0.843 -1.051 -0.550
p.fac1[7,3]     -3.053 -0.551 -4.055
p.fac1[8,1]     -2.383 -0.828  1.549
p.fac1[8,2]      1.877  0.946 -1.234
p.fac1[8,3]     -3.058 -1.317 -2.688
p.fac1[9,1]     -1.969  0.721  1.141
p.fac1[9,2]      2.341 -0.524 -0.359
p.fac1[9,3]     -1.758 -0.287 -3.375
p.global[1]     -2.509  0.280  1.832
p.global[2]      2.670 -0.204 -1.118
p.global[3]     -2.780 -0.122 -3.430
resid.prop[1]    1.023 -0.033  2.715
resid.prop[2]   -0.457  1.153 -0.314
resid.prop[3]   -1.486  0.358 -1.732
