
#################################################################
# Summary Statistics
#################################################################

DIC = 273.909

                                Mean    SD  2.5%    5%   25%   50%   75%   95% 97.5%
Epsilon.1                      0.064 0.017 0.038 0.041 0.052 0.062 0.073 0.096 0.104
Epsilon.2                      0.179 0.035 0.123 0.130 0.153 0.175 0.200 0.244 0.256
Epsilon.3                      0.496 0.142 0.285 0.309 0.397 0.474 0.567 0.764 0.844
ID.SD                          2.570 0.551 1.685 1.784 2.192 2.510 2.876 3.522 3.821
p.wYear 2011.Estuarine         0.064 0.045 0.009 0.013 0.032 0.054 0.085 0.152 0.178
p.wYear 2012.Estuarine         0.022 0.033 0.001 0.001 0.004 0.010 0.025 0.081 0.119
p.wYear 2013.Estuarine         0.145 0.123 0.010 0.015 0.055 0.111 0.201 0.387 0.472
p.wYear 2014.Estuarine         0.018 0.020 0.001 0.002 0.006 0.012 0.023 0.056 0.072
p.wYear 2016.Estuarine         0.067 0.082 0.002 0.004 0.016 0.038 0.084 0.237 0.311
p.wYear 2017.Estuarine         0.089 0.087 0.005 0.008 0.029 0.061 0.119 0.262 0.336
p.wYear 2018.Estuarine         0.095 0.090 0.005 0.008 0.031 0.067 0.132 0.283 0.343
p.wYear 2019.Estuarine         0.078 0.105 0.002 0.003 0.014 0.038 0.097 0.292 0.387
p.wYear 2020.Estuarine         0.143 0.132 0.008 0.012 0.047 0.100 0.201 0.415 0.501
p.wYear 2021.Estuarine         0.038 0.056 0.001 0.002 0.007 0.019 0.045 0.140 0.201
p.wYear 2022.Estuarine         0.082 0.112 0.002 0.003 0.013 0.038 0.100 0.327 0.433
p.wYear 2011.Freshwater        0.929 0.048 0.808 0.837 0.906 0.939 0.963 0.985 0.990
p.wYear 2012.Freshwater        0.974 0.035 0.872 0.910 0.968 0.986 0.994 0.998 0.999
p.wYear 2013.Freshwater        0.839 0.129 0.505 0.584 0.779 0.872 0.934 0.981 0.988
p.wYear 2014.Freshwater        0.977 0.023 0.915 0.933 0.970 0.984 0.992 0.998 0.998
p.wYear 2016.Freshwater        0.927 0.084 0.680 0.749 0.907 0.956 0.981 0.995 0.997
p.wYear 2017.Freshwater        0.905 0.090 0.651 0.727 0.875 0.933 0.968 0.991 0.994
p.wYear 2018.Freshwater        0.900 0.092 0.650 0.709 0.861 0.928 0.967 0.990 0.994
p.wYear 2019.Freshwater        0.911 0.111 0.593 0.677 0.887 0.951 0.981 0.996 0.997
p.wYear 2020.Freshwater        0.844 0.138 0.479 0.561 0.778 0.886 0.945 0.985 0.990
p.wYear 2021.Freshwater        0.954 0.061 0.782 0.838 0.944 0.975 0.990 0.997 0.998
p.wYear 2022.Freshwater        0.907 0.119 0.538 0.637 0.883 0.952 0.982 0.996 0.997
p.wYear 2011.Seagrass          0.007 0.008 0.000 0.001 0.002 0.004 0.009 0.021 0.027
p.wYear 2012.Seagrass          0.004 0.007 0.000 0.000 0.001 0.002 0.005 0.017 0.024
p.wYear 2013.Seagrass          0.016 0.022 0.000 0.000 0.003 0.008 0.019 0.057 0.078
p.wYear 2014.Seagrass          0.005 0.008 0.000 0.000 0.001 0.002 0.006 0.018 0.024
p.wYear 2016.Seagrass          0.006 0.011 0.000 0.000 0.001 0.002 0.006 0.023 0.035
p.wYear 2017.Seagrass          0.006 0.009 0.000 0.000 0.001 0.003 0.006 0.021 0.030
p.wYear 2018.Seagrass          0.005 0.008 0.000 0.000 0.001 0.002 0.006 0.018 0.026
p.wYear 2019.Seagrass          0.011 0.022 0.000 0.000 0.001 0.004 0.011 0.044 0.068
p.wYear 2020.Seagrass          0.013 0.020 0.000 0.000 0.002 0.006 0.016 0.050 0.069
p.wYear 2021.Seagrass          0.008 0.015 0.000 0.000 0.001 0.003 0.008 0.033 0.046
p.wYear 2022.Seagrass          0.011 0.026 0.000 0.000 0.001 0.004 0.011 0.046 0.069
p.wYear 2011.ID 4.Estuarine    0.964 0.039 0.859 0.884 0.949 0.978 0.993 0.999 1.000
p.wYear 2011.ID 4.Freshwater   0.031 0.037 0.000 0.000 0.005 0.018 0.045 0.108 0.130
p.wYear 2011.ID 4.Seagrass     0.004 0.009 0.000 0.000 0.000 0.001 0.004 0.021 0.031
p.wYear 2011.ID 5.Estuarine    0.388 0.152 0.037 0.099 0.307 0.400 0.483 0.599 0.654
p.wYear 2011.ID 5.Freshwater   0.113 0.096 0.003 0.005 0.038 0.087 0.163 0.317 0.364
p.wYear 2011.ID 5.Seagrass     0.499 0.089 0.311 0.363 0.455 0.508 0.554 0.618 0.642
p.wYear 2011.ID 6.Estuarine    0.023 0.036 0.000 0.000 0.001 0.006 0.028 0.102 0.133
p.wYear 2011.ID 6.Freshwater   0.972 0.039 0.858 0.888 0.961 0.988 0.998 1.000 1.000
p.wYear 2011.ID 6.Seagrass     0.005 0.011 0.000 0.000 0.000 0.001 0.005 0.029 0.041
p.wYear 2011.ID 7.Estuarine    0.170 0.153 0.000 0.000 0.025 0.144 0.278 0.436 0.497
p.wYear 2011.ID 7.Freshwater   0.806 0.149 0.498 0.551 0.703 0.827 0.936 0.998 1.000
p.wYear 2011.ID 7.Seagrass     0.023 0.033 0.000 0.000 0.001 0.007 0.035 0.095 0.117
p.wYear 2011.ID 8.Estuarine    0.892 0.097 0.664 0.703 0.834 0.917 0.972 0.997 0.999
p.wYear 2011.ID 8.Freshwater   0.098 0.095 0.001 0.002 0.021 0.073 0.152 0.284 0.323
p.wYear 2011.ID 8.Seagrass     0.010 0.019 0.000 0.000 0.000 0.002 0.009 0.049 0.069
p.wYear 2011.ID 9.Estuarine    0.012 0.021 0.000 0.000 0.001 0.003 0.014 0.056 0.077
p.wYear 2011.ID 9.Freshwater   0.985 0.023 0.918 0.939 0.981 0.994 0.999 1.000 1.000
p.wYear 2011.ID 9.Seagrass     0.003 0.006 0.000 0.000 0.000 0.001 0.003 0.015 0.022
p.wYear 2011.ID 10.Estuarine   0.047 0.065 0.000 0.000 0.003 0.019 0.062 0.191 0.228
p.wYear 2011.ID 10.Freshwater  0.904 0.079 0.727 0.765 0.853 0.913 0.976 0.999 1.000
p.wYear 2011.ID 10.Seagrass    0.049 0.051 0.000 0.000 0.001 0.033 0.089 0.141 0.158
p.wYear 2011.ID 11.Estuarine   0.035 0.054 0.000 0.000 0.001 0.009 0.046 0.153 0.193
p.wYear 2011.ID 11.Freshwater  0.959 0.056 0.800 0.836 0.942 0.982 0.997 1.000 1.000
p.wYear 2011.ID 11.Seagrass    0.007 0.014 0.000 0.000 0.000 0.001 0.006 0.034 0.050
p.wYear 2011.ID 12.Estuarine   0.020 0.037 0.000 0.000 0.001 0.005 0.022 0.097 0.127
p.wYear 2011.ID 12.Freshwater  0.977 0.038 0.863 0.898 0.971 0.992 0.998 1.000 1.000
p.wYear 2011.ID 12.Seagrass    0.003 0.007 0.000 0.000 0.000 0.001 0.003 0.016 0.024
p.wYear 2012.ID 13.Estuarine   0.049 0.080 0.000 0.000 0.002 0.014 0.061 0.217 0.281
p.wYear 2012.ID 13.Freshwater  0.862 0.091 0.670 0.713 0.810 0.862 0.923 0.999 1.000
p.wYear 2012.ID 13.Seagrass    0.089 0.065 0.000 0.000 0.017 0.097 0.142 0.187 0.201
p.wYear 2012.ID 14.Estuarine   0.005 0.011 0.000 0.000 0.000 0.001 0.005 0.025 0.037
p.wYear 2012.ID 14.Freshwater  0.993 0.013 0.957 0.970 0.992 0.998 1.000 1.000 1.000
p.wYear 2012.ID 14.Seagrass    0.002 0.004 0.000 0.000 0.000 0.000 0.001 0.010 0.014
p.wYear 2012.ID 15.Estuarine   0.009 0.019 0.000 0.000 0.000 0.002 0.009 0.048 0.065
p.wYear 2012.ID 15.Freshwater  0.987 0.021 0.925 0.942 0.985 0.996 0.999 1.000 1.000
p.wYear 2012.ID 15.Seagrass    0.003 0.008 0.000 0.000 0.000 0.000 0.003 0.018 0.027
p.wYear 2012.ID 16.Estuarine   0.009 0.019 0.000 0.000 0.000 0.002 0.009 0.047 0.065
p.wYear 2012.ID 16.Freshwater  0.987 0.021 0.927 0.944 0.985 0.996 0.999 1.000 1.000
p.wYear 2012.ID 16.Seagrass    0.003 0.008 0.000 0.000 0.000 0.000 0.003 0.019 0.027
p.wYear 2012.ID 17.Estuarine   0.009 0.018 0.000 0.000 0.000 0.002 0.009 0.045 0.061
p.wYear 2012.ID 17.Freshwater  0.988 0.020 0.930 0.946 0.985 0.996 0.999 1.000 1.000
p.wYear 2012.ID 17.Seagrass    0.003 0.007 0.000 0.000 0.000 0.000 0.003 0.016 0.023
p.wYear 2012.ID 19.Estuarine   0.030 0.052 0.000 0.000 0.001 0.006 0.035 0.145 0.189
p.wYear 2012.ID 19.Freshwater  0.959 0.057 0.800 0.840 0.941 0.985 0.998 1.000 1.000
p.wYear 2012.ID 19.Seagrass    0.011 0.021 0.000 0.000 0.000 0.001 0.011 0.056 0.076
p.wYear 2013.ID 20.Estuarine   0.391 0.188 0.007 0.027 0.282 0.404 0.510 0.691 0.764
p.wYear 2013.ID 20.Freshwater  0.592 0.182 0.233 0.304 0.478 0.583 0.700 0.932 0.976
p.wYear 2013.ID 20.Seagrass    0.017 0.026 0.000 0.000 0.001 0.005 0.022 0.072 0.093
p.wYear 2013.ID 21.Estuarine   0.883 0.103 0.637 0.685 0.822 0.910 0.967 0.998 0.999
p.wYear 2013.ID 21.Freshwater  0.099 0.094 0.000 0.001 0.021 0.073 0.154 0.282 0.321
p.wYear 2013.ID 21.Seagrass    0.018 0.031 0.000 0.000 0.000 0.003 0.019 0.085 0.115
p.wYear 2013.ID 23.Estuarine   0.876 0.105 0.630 0.671 0.808 0.898 0.964 0.997 0.999
p.wYear 2013.ID 23.Freshwater  0.092 0.085 0.000 0.001 0.020 0.069 0.144 0.259 0.301
p.wYear 2013.ID 23.Seagrass    0.032 0.050 0.000 0.000 0.001 0.007 0.045 0.146 0.176
p.wYear 2013.ID 24.Estuarine   0.449 0.186 0.037 0.101 0.341 0.452 0.561 0.755 0.853
p.wYear 2013.ID 24.Freshwater  0.510 0.163 0.136 0.230 0.415 0.513 0.611 0.783 0.829
p.wYear 2013.ID 24.Seagrass    0.041 0.049 0.000 0.000 0.002 0.019 0.069 0.143 0.165
p.wYear 2013.ID 25.Estuarine   0.062 0.077 0.000 0.000 0.004 0.028 0.096 0.224 0.268
p.wYear 2013.ID 25.Freshwater  0.913 0.082 0.711 0.752 0.864 0.931 0.983 0.999 1.000
p.wYear 2013.ID 25.Seagrass    0.026 0.035 0.000 0.000 0.001 0.008 0.040 0.102 0.119
p.wYear 2013.ID 26.Estuarine   0.077 0.108 0.000 0.001 0.009 0.040 0.108 0.256 0.336
p.wYear 2013.ID 26.Freshwater  0.681 0.087 0.492 0.541 0.646 0.695 0.732 0.786 0.805
p.wYear 2013.ID 26.Seagrass    0.242 0.052 0.129 0.160 0.216 0.247 0.276 0.313 0.326
p.wYear 2013.ID 27.Estuarine   0.020 0.036 0.000 0.000 0.001 0.006 0.025 0.083 0.111
p.wYear 2013.ID 27.Freshwater  0.976 0.038 0.882 0.907 0.967 0.989 0.997 1.000 1.000
p.wYear 2013.ID 27.Seagrass    0.004 0.009 0.000 0.000 0.000 0.001 0.004 0.021 0.033
p.wYear 2013.ID 28.Estuarine   0.185 0.162 0.001 0.002 0.042 0.151 0.299 0.470 0.541
p.wYear 2013.ID 28.Freshwater  0.727 0.134 0.447 0.504 0.640 0.743 0.822 0.910 0.956
p.wYear 2013.ID 28.Seagrass    0.088 0.063 0.000 0.000 0.026 0.094 0.137 0.187 0.201
p.wYear 2013.ID 29.Estuarine   0.060 0.076 0.000 0.000 0.004 0.028 0.092 0.217 0.266
p.wYear 2013.ID 29.Freshwater  0.911 0.082 0.709 0.754 0.864 0.927 0.982 1.000 1.000
p.wYear 2013.ID 29.Seagrass    0.029 0.038 0.000 0.000 0.001 0.009 0.049 0.109 0.126
p.wYear 2013.ID 30.Estuarine   0.216 0.157 0.000 0.001 0.072 0.216 0.331 0.475 0.531
p.wYear 2013.ID 30.Freshwater  0.760 0.152 0.457 0.513 0.653 0.758 0.880 0.995 0.999
p.wYear 2013.ID 30.Seagrass    0.024 0.033 0.000 0.000 0.001 0.008 0.037 0.099 0.115
p.wYear 2014.ID 31.Estuarine   0.035 0.061 0.000 0.000 0.001 0.006 0.039 0.175 0.218
p.wYear 2014.ID 31.Freshwater  0.953 0.065 0.770 0.809 0.934 0.981 0.997 1.000 1.000
p.wYear 2014.ID 31.Seagrass    0.011 0.021 0.000 0.000 0.000 0.001 0.012 0.058 0.075
p.wYear 2014.ID 32.Estuarine   0.033 0.063 0.000 0.000 0.001 0.005 0.033 0.179 0.237
p.wYear 2014.ID 32.Freshwater  0.961 0.064 0.755 0.814 0.954 0.988 0.998 1.000 1.000
p.wYear 2014.ID 32.Seagrass    0.006 0.012 0.000 0.000 0.000 0.001 0.005 0.032 0.043
p.wYear 2014.ID 33.Estuarine   0.030 0.059 0.000 0.000 0.000 0.004 0.030 0.153 0.205
p.wYear 2014.ID 33.Freshwater  0.965 0.060 0.788 0.842 0.959 0.991 0.999 1.000 1.000
p.wYear 2014.ID 33.Seagrass    0.005 0.010 0.000 0.000 0.000 0.001 0.004 0.025 0.037
p.wYear 2014.ID 34.Estuarine   0.015 0.031 0.000 0.000 0.000 0.003 0.015 0.077 0.114
p.wYear 2014.ID 34.Freshwater  0.981 0.033 0.881 0.911 0.977 0.994 0.999 1.000 1.000
p.wYear 2014.ID 34.Seagrass    0.004 0.009 0.000 0.000 0.000 0.001 0.004 0.021 0.032
p.wYear 2014.ID 35.Estuarine   0.015 0.032 0.000 0.000 0.000 0.002 0.015 0.077 0.108
p.wYear 2014.ID 35.Freshwater  0.981 0.034 0.883 0.913 0.977 0.995 0.999 1.000 1.000
p.wYear 2014.ID 35.Seagrass    0.004 0.009 0.000 0.000 0.000 0.001 0.003 0.021 0.030
p.wYear 2014.ID 36.Estuarine   0.038 0.062 0.000 0.000 0.001 0.008 0.047 0.180 0.224
p.wYear 2014.ID 36.Freshwater  0.949 0.067 0.766 0.805 0.921 0.979 0.998 1.000 1.000
p.wYear 2014.ID 36.Seagrass    0.013 0.024 0.000 0.000 0.000 0.002 0.014 0.069 0.084
p.wYear 2014.ID 37.Estuarine   0.019 0.035 0.000 0.000 0.000 0.003 0.020 0.094 0.128
p.wYear 2014.ID 37.Freshwater  0.974 0.039 0.860 0.889 0.964 0.991 0.999 1.000 1.000
p.wYear 2014.ID 37.Seagrass    0.008 0.015 0.000 0.000 0.000 0.001 0.007 0.042 0.058
p.wYear 2014.ID 38.Estuarine   0.022 0.040 0.000 0.000 0.001 0.004 0.023 0.107 0.144
p.wYear 2014.ID 38.Freshwater  0.964 0.048 0.829 0.866 0.945 0.985 0.998 1.000 1.000
p.wYear 2014.ID 38.Seagrass    0.015 0.025 0.000 0.000 0.000 0.002 0.017 0.071 0.090
p.wYear 2014.ID 39.Estuarine   0.037 0.062 0.000 0.000 0.001 0.007 0.045 0.174 0.227
p.wYear 2014.ID 39.Freshwater  0.947 0.068 0.760 0.804 0.920 0.974 0.997 1.000 1.000
p.wYear 2014.ID 39.Seagrass    0.016 0.027 0.000 0.000 0.000 0.002 0.021 0.079 0.095
p.wYear 2014.ID 40.Estuarine   0.097 0.118 0.000 0.000 0.003 0.040 0.165 0.336 0.386
p.wYear 2014.ID 40.Freshwater  0.884 0.119 0.599 0.649 0.810 0.920 0.988 1.000 1.000
p.wYear 2014.ID 40.Seagrass    0.019 0.030 0.000 0.000 0.000 0.004 0.027 0.085 0.107
p.wYear 2014.ID 41.Estuarine   0.019 0.036 0.000 0.000 0.000 0.004 0.020 0.098 0.139
p.wYear 2014.ID 41.Freshwater  0.975 0.039 0.856 0.892 0.968 0.991 0.999 1.000 1.000
p.wYear 2014.ID 41.Seagrass    0.006 0.013 0.000 0.000 0.000 0.001 0.005 0.032 0.046
p.wYear 2014.ID 42.Estuarine   0.161 0.132 0.000 0.001 0.033 0.145 0.265 0.396 0.430
p.wYear 2014.ID 42.Freshwater  0.168 0.099 0.006 0.013 0.081 0.171 0.252 0.319 0.336
p.wYear 2014.ID 42.Seagrass    0.671 0.066 0.527 0.557 0.632 0.674 0.713 0.775 0.796
p.wYear 2014.ID 43.Estuarine   0.021 0.040 0.000 0.000 0.000 0.003 0.022 0.106 0.145
p.wYear 2014.ID 43.Freshwater  0.973 0.043 0.847 0.884 0.966 0.991 0.999 1.000 1.000
p.wYear 2014.ID 43.Seagrass    0.006 0.013 0.000 0.000 0.000 0.001 0.006 0.032 0.046
p.wYear 2014.ID 44.Estuarine   0.018 0.033 0.000 0.000 0.000 0.004 0.020 0.090 0.116
p.wYear 2014.ID 44.Freshwater  0.965 0.045 0.845 0.871 0.945 0.985 0.998 1.000 1.000
p.wYear 2014.ID 44.Seagrass    0.017 0.028 0.000 0.000 0.000 0.002 0.020 0.084 0.100
p.wYear 2014.ID 45.Estuarine   0.030 0.052 0.000 0.000 0.001 0.005 0.035 0.143 0.184
p.wYear 2014.ID 45.Freshwater  0.955 0.058 0.794 0.831 0.931 0.980 0.998 1.000 1.000
p.wYear 2014.ID 45.Seagrass    0.015 0.026 0.000 0.000 0.000 0.002 0.019 0.073 0.093
p.wYear 2014.ID 46.Estuarine   0.025 0.045 0.000 0.000 0.001 0.005 0.027 0.124 0.167
p.wYear 2014.ID 46.Freshwater  0.961 0.052 0.816 0.850 0.941 0.984 0.998 1.000 1.000
p.wYear 2014.ID 46.Seagrass    0.014 0.026 0.000 0.000 0.000 0.001 0.016 0.072 0.091
p.wYear 2014.ID 47.Estuarine   0.048 0.074 0.000 0.000 0.001 0.011 0.065 0.219 0.264
p.wYear 2014.ID 47.Freshwater  0.930 0.080 0.724 0.767 0.890 0.958 0.995 1.000 1.000
p.wYear 2014.ID 47.Seagrass    0.022 0.033 0.000 0.000 0.000 0.004 0.034 0.097 0.113
p.wYear 2014.ID 48.Estuarine   0.014 0.026 0.000 0.000 0.000 0.003 0.014 0.068 0.092
p.wYear 2014.ID 48.Freshwater  0.982 0.029 0.898 0.922 0.976 0.994 0.999 1.000 1.000
p.wYear 2014.ID 48.Seagrass    0.005 0.011 0.000 0.000 0.000 0.001 0.004 0.025 0.036
p.wYear 2014.ID 49.Estuarine   0.083 0.109 0.000 0.000 0.003 0.028 0.137 0.319 0.366
p.wYear 2014.ID 49.Freshwater  0.879 0.111 0.615 0.664 0.815 0.899 0.977 1.000 1.000
p.wYear 2014.ID 49.Seagrass    0.038 0.046 0.000 0.000 0.001 0.016 0.070 0.130 0.147
p.wYear 2014.ID 50.Estuarine   0.019 0.036 0.000 0.000 0.000 0.003 0.019 0.101 0.134
p.wYear 2014.ID 50.Freshwater  0.972 0.041 0.852 0.881 0.963 0.991 0.999 1.000 1.000
p.wYear 2014.ID 50.Seagrass    0.009 0.017 0.000 0.000 0.000 0.001 0.007 0.046 0.064
p.wYear 2014.ID 51.Estuarine   0.768 0.147 0.466 0.512 0.669 0.776 0.885 0.983 0.993
p.wYear 2014.ID 51.Freshwater  0.206 0.133 0.004 0.010 0.095 0.199 0.300 0.434 0.475
p.wYear 2014.ID 51.Seagrass    0.026 0.042 0.000 0.000 0.001 0.006 0.033 0.120 0.148
p.wYear 2014.ID 52.Estuarine   0.255 0.183 0.000 0.001 0.076 0.267 0.394 0.543 0.587
p.wYear 2014.ID 52.Freshwater  0.689 0.158 0.392 0.438 0.577 0.682 0.815 0.956 0.991
p.wYear 2014.ID 52.Seagrass    0.055 0.056 0.000 0.000 0.003 0.038 0.097 0.159 0.176
p.wYear 2016.ID 56.Estuarine   0.900 0.092 0.683 0.725 0.847 0.924 0.974 0.997 0.999
p.wYear 2016.ID 56.Freshwater  0.086 0.083 0.000 0.001 0.018 0.060 0.132 0.252 0.285
p.wYear 2016.ID 56.Seagrass    0.014 0.030 0.000 0.000 0.000 0.002 0.013 0.081 0.108
p.wYear 2016.ID 57.Estuarine   0.019 0.034 0.000 0.000 0.001 0.005 0.021 0.093 0.125
p.wYear 2016.ID 57.Freshwater  0.977 0.036 0.873 0.901 0.972 0.992 0.999 1.000 1.000
p.wYear 2016.ID 57.Seagrass    0.003 0.008 0.000 0.000 0.000 0.000 0.003 0.018 0.028
p.wYear 2016.ID 58.Estuarine   0.043 0.063 0.000 0.000 0.001 0.012 0.060 0.180 0.214
p.wYear 2016.ID 58.Freshwater  0.947 0.066 0.770 0.804 0.920 0.975 0.997 1.000 1.000
p.wYear 2016.ID 58.Seagrass    0.010 0.019 0.000 0.000 0.000 0.001 0.009 0.055 0.071
p.wYear 2016.ID 59.Estuarine   0.031 0.050 0.000 0.000 0.001 0.008 0.040 0.140 0.174
p.wYear 2016.ID 59.Freshwater  0.963 0.052 0.819 0.852 0.950 0.986 0.998 1.000 1.000
p.wYear 2016.ID 59.Seagrass    0.006 0.013 0.000 0.000 0.000 0.001 0.005 0.031 0.043
p.wYear 2016.ID 60.Estuarine   0.033 0.054 0.000 0.000 0.001 0.008 0.042 0.148 0.195
p.wYear 2016.ID 60.Freshwater  0.962 0.056 0.799 0.843 0.947 0.986 0.998 1.000 1.000
p.wYear 2016.ID 60.Seagrass    0.005 0.012 0.000 0.000 0.000 0.001 0.004 0.030 0.044
p.wYear 2017.ID 61.Estuarine   0.095 0.110 0.000 0.000 0.006 0.046 0.160 0.313 0.365
p.wYear 2017.ID 61.Freshwater  0.896 0.110 0.630 0.677 0.829 0.938 0.988 1.000 1.000
p.wYear 2017.ID 61.Seagrass    0.009 0.017 0.000 0.000 0.000 0.001 0.009 0.046 0.064
p.wYear 2017.ID 62.Estuarine   0.118 0.124 0.000 0.000 0.008 0.073 0.202 0.359 0.408
p.wYear 2017.ID 62.Freshwater  0.873 0.124 0.586 0.635 0.788 0.908 0.984 1.000 1.000
p.wYear 2017.ID 62.Seagrass    0.009 0.018 0.000 0.000 0.000 0.002 0.010 0.048 0.061
p.wYear 2017.ID 63.Estuarine   0.051 0.073 0.000 0.000 0.002 0.017 0.074 0.204 0.257
p.wYear 2017.ID 63.Freshwater  0.939 0.075 0.739 0.784 0.908 0.968 0.995 1.000 1.000
p.wYear 2017.ID 63.Seagrass    0.009 0.019 0.000 0.000 0.000 0.001 0.008 0.051 0.068
p.wYear 2017.ID 67.Estuarine   0.906 0.090 0.685 0.731 0.857 0.931 0.978 0.998 0.999
p.wYear 2017.ID 67.Freshwater  0.085 0.086 0.000 0.001 0.017 0.060 0.130 0.256 0.300
p.wYear 2017.ID 67.Seagrass    0.009 0.019 0.000 0.000 0.000 0.001 0.008 0.048 0.068
p.wYear 2017.ID 68.Estuarine   0.869 0.113 0.607 0.654 0.801 0.895 0.964 0.997 0.999
p.wYear 2017.ID 68.Freshwater  0.123 0.110 0.001 0.002 0.029 0.097 0.189 0.337 0.385
p.wYear 2017.ID 68.Seagrass    0.008 0.017 0.000 0.000 0.000 0.001 0.008 0.043 0.060
p.wYear 2017.ID 69.Estuarine   0.775 0.175 0.417 0.465 0.645 0.802 0.929 0.995 0.998
p.wYear 2017.ID 69.Freshwater  0.113 0.096 0.001 0.002 0.030 0.090 0.177 0.296 0.329
p.wYear 2017.ID 69.Seagrass    0.112 0.113 0.000 0.000 0.002 0.079 0.211 0.308 0.330
p.wYear 2017.ID 70.Estuarine   0.043 0.061 0.000 0.000 0.002 0.015 0.060 0.177 0.222
p.wYear 2017.ID 70.Freshwater  0.941 0.067 0.763 0.807 0.907 0.967 0.994 1.000 1.000
p.wYear 2017.ID 70.Seagrass    0.016 0.028 0.000 0.000 0.000 0.002 0.017 0.081 0.100
p.wYear 2017.ID 71.Estuarine   0.020 0.033 0.000 0.000 0.001 0.006 0.024 0.092 0.120
p.wYear 2017.ID 71.Freshwater  0.976 0.035 0.871 0.901 0.970 0.990 0.998 1.000 1.000
p.wYear 2017.ID 71.Seagrass    0.004 0.008 0.000 0.000 0.000 0.000 0.003 0.019 0.027
p.wYear 2017.ID 72.Estuarine   0.019 0.031 0.000 0.000 0.001 0.006 0.023 0.086 0.107
p.wYear 2017.ID 72.Freshwater  0.977 0.033 0.883 0.907 0.969 0.991 0.998 1.000 1.000
p.wYear 2017.ID 72.Seagrass    0.004 0.010 0.000 0.000 0.000 0.000 0.003 0.022 0.032
p.wYear 2017.ID 73.Estuarine   0.039 0.058 0.000 0.000 0.001 0.012 0.054 0.173 0.213
p.wYear 2017.ID 73.Freshwater  0.954 0.061 0.781 0.818 0.933 0.981 0.997 1.000 1.000
p.wYear 2017.ID 73.Seagrass    0.007 0.014 0.000 0.000 0.000 0.001 0.005 0.035 0.052
p.wYear 2017.ID 74.Estuarine   0.026 0.042 0.000 0.000 0.001 0.008 0.032 0.116 0.149
p.wYear 2017.ID 74.Freshwater  0.967 0.045 0.840 0.873 0.954 0.985 0.997 1.000 1.000
p.wYear 2017.ID 74.Seagrass    0.007 0.015 0.000 0.000 0.000 0.001 0.006 0.040 0.056
p.wYear 2018.ID 75.Estuarine   0.903 0.090 0.682 0.723 0.854 0.930 0.976 0.998 0.999
p.wYear 2018.ID 75.Freshwater  0.087 0.086 0.000 0.001 0.018 0.059 0.132 0.261 0.305
p.wYear 2018.ID 75.Seagrass    0.010 0.023 0.000 0.000 0.000 0.001 0.008 0.055 0.080
p.wYear 2018.ID 76.Estuarine   0.417 0.206 0.004 0.027 0.292 0.431 0.546 0.751 0.843
p.wYear 2018.ID 76.Freshwater  0.562 0.194 0.148 0.238 0.444 0.555 0.684 0.894 0.962
p.wYear 2018.ID 76.Seagrass    0.021 0.034 0.000 0.000 0.000 0.004 0.026 0.096 0.120
p.wYear 2018.ID 77.Estuarine   0.017 0.028 0.000 0.000 0.001 0.005 0.021 0.080 0.099
p.wYear 2018.ID 77.Freshwater  0.979 0.030 0.897 0.912 0.973 0.992 0.998 1.000 1.000
p.wYear 2018.ID 77.Seagrass    0.003 0.008 0.000 0.000 0.000 0.000 0.003 0.019 0.027
p.wYear 2018.ID 78.Estuarine   0.055 0.080 0.000 0.000 0.002 0.018 0.078 0.218 0.278
p.wYear 2018.ID 78.Freshwater  0.937 0.082 0.711 0.773 0.909 0.970 0.995 1.000 1.000
p.wYear 2018.ID 78.Seagrass    0.008 0.016 0.000 0.000 0.000 0.001 0.007 0.042 0.056
p.wYear 2018.ID 79.Estuarine   0.039 0.057 0.000 0.000 0.002 0.012 0.053 0.165 0.206
p.wYear 2018.ID 79.Freshwater  0.952 0.061 0.781 0.819 0.930 0.979 0.996 1.000 1.000
p.wYear 2018.ID 79.Seagrass    0.009 0.019 0.000 0.000 0.000 0.001 0.008 0.049 0.071
p.wYear 2018.ID 80.Estuarine   0.071 0.088 0.000 0.000 0.004 0.031 0.112 0.256 0.302
p.wYear 2018.ID 80.Freshwater  0.914 0.090 0.688 0.734 0.863 0.944 0.990 1.000 1.000
p.wYear 2018.ID 80.Seagrass    0.015 0.026 0.000 0.000 0.000 0.002 0.016 0.074 0.093
p.wYear 2018.ID 84.Estuarine   0.602 0.171 0.253 0.324 0.499 0.595 0.703 0.911 0.967
p.wYear 2018.ID 84.Freshwater  0.374 0.158 0.028 0.076 0.280 0.384 0.475 0.618 0.678
p.wYear 2018.ID 84.Seagrass    0.024 0.039 0.000 0.000 0.000 0.004 0.032 0.112 0.137
p.wYear 2018.ID 85.Estuarine   0.064 0.082 0.000 0.000 0.003 0.026 0.102 0.234 0.277
p.wYear 2018.ID 85.Freshwater  0.927 0.084 0.716 0.753 0.883 0.961 0.993 1.000 1.000
p.wYear 2018.ID 85.Seagrass    0.009 0.018 0.000 0.000 0.000 0.001 0.009 0.049 0.067
p.wYear 2018.ID 86.Estuarine   0.433 0.194 0.009 0.053 0.325 0.440 0.551 0.744 0.843
p.wYear 2018.ID 86.Freshwater  0.552 0.187 0.148 0.250 0.442 0.547 0.658 0.896 0.968
p.wYear 2018.ID 86.Seagrass    0.015 0.026 0.000 0.000 0.000 0.003 0.017 0.075 0.099
p.wYear 2018.ID 87.Estuarine   0.059 0.081 0.000 0.000 0.002 0.020 0.088 0.237 0.278
p.wYear 2018.ID 87.Freshwater  0.934 0.083 0.715 0.757 0.900 0.970 0.996 1.000 1.000
p.wYear 2018.ID 87.Seagrass    0.006 0.014 0.000 0.000 0.000 0.001 0.005 0.035 0.052
p.wYear 2018.ID 88.Estuarine   0.132 0.149 0.000 0.000 0.009 0.076 0.216 0.417 0.495
p.wYear 2018.ID 88.Freshwater  0.860 0.149 0.500 0.573 0.774 0.910 0.984 1.000 1.000
p.wYear 2018.ID 88.Seagrass    0.009 0.017 0.000 0.000 0.000 0.001 0.008 0.045 0.062
p.wYear 2019.ID 89.Estuarine   0.137 0.146 0.000 0.000 0.011 0.089 0.229 0.414 0.470
p.wYear 2019.ID 89.Freshwater  0.816 0.138 0.510 0.566 0.734 0.838 0.920 0.998 1.000
p.wYear 2019.ID 89.Seagrass    0.047 0.050 0.000 0.000 0.001 0.029 0.085 0.141 0.161
p.wYear 2019.ID 90.Estuarine   0.032 0.053 0.000 0.000 0.001 0.007 0.039 0.146 0.184
p.wYear 2019.ID 90.Freshwater  0.962 0.055 0.805 0.845 0.948 0.986 0.998 1.000 1.000
p.wYear 2019.ID 90.Seagrass    0.007 0.013 0.000 0.000 0.000 0.001 0.006 0.033 0.046
p.wYear 2020.ID 94.Estuarine   0.056 0.076 0.000 0.000 0.003 0.021 0.084 0.221 0.270
p.wYear 2020.ID 94.Freshwater  0.937 0.078 0.719 0.770 0.906 0.969 0.994 1.000 1.000
p.wYear 2020.ID 94.Seagrass    0.007 0.013 0.000 0.000 0.000 0.001 0.007 0.036 0.048
p.wYear 2020.ID 95.Estuarine   0.809 0.141 0.513 0.560 0.710 0.823 0.932 0.995 0.998
p.wYear 2020.ID 95.Freshwater  0.179 0.138 0.001 0.003 0.056 0.165 0.277 0.427 0.474
p.wYear 2020.ID 95.Seagrass    0.012 0.022 0.000 0.000 0.000 0.003 0.013 0.059 0.079
p.wYear 2020.ID 96.Estuarine   0.102 0.116 0.000 0.000 0.011 0.058 0.164 0.336 0.391
p.wYear 2020.ID 96.Freshwater  0.849 0.114 0.587 0.638 0.784 0.862 0.934 0.998 0.999
p.wYear 2020.ID 96.Seagrass    0.049 0.050 0.000 0.000 0.002 0.033 0.085 0.144 0.158
p.wYear 2020.ID 97.Estuarine   0.051 0.073 0.000 0.000 0.003 0.018 0.074 0.207 0.265
p.wYear 2020.ID 97.Freshwater  0.942 0.074 0.724 0.788 0.915 0.973 0.995 1.000 1.000
p.wYear 2020.ID 97.Seagrass    0.007 0.013 0.000 0.000 0.000 0.001 0.007 0.034 0.047
p.wYear 2020.ID 98.Estuarine   0.100 0.112 0.000 0.000 0.007 0.056 0.164 0.330 0.381
p.wYear 2020.ID 98.Freshwater  0.882 0.113 0.612 0.657 0.815 0.912 0.978 0.999 1.000
p.wYear 2020.ID 98.Seagrass    0.017 0.027 0.000 0.000 0.000 0.004 0.024 0.078 0.093
p.wYear 2020.ID 100.Estuarine  0.944 0.066 0.786 0.828 0.920 0.965 0.990 0.999 1.000
p.wYear 2020.ID 100.Freshwater 0.050 0.064 0.000 0.001 0.007 0.029 0.071 0.165 0.207
p.wYear 2020.ID 100.Seagrass   0.005 0.011 0.000 0.000 0.000 0.001 0.005 0.027 0.039
p.wYear 2020.ID 101.Estuarine  0.273 0.166 0.003 0.011 0.147 0.273 0.395 0.534 0.583
p.wYear 2020.ID 101.Freshwater 0.217 0.121 0.010 0.024 0.122 0.212 0.309 0.418 0.442
p.wYear 2020.ID 101.Seagrass   0.509 0.075 0.347 0.391 0.472 0.515 0.556 0.616 0.637
p.wYear 2020.ID 102.Estuarine  0.080 0.093 0.000 0.000 0.005 0.041 0.128 0.275 0.320
p.wYear 2020.ID 102.Freshwater 0.901 0.095 0.671 0.714 0.846 0.925 0.983 1.000 1.000
p.wYear 2020.ID 102.Seagrass   0.019 0.029 0.000 0.000 0.000 0.004 0.027 0.084 0.101
p.wYear 2021.ID 103.Estuarine  0.034 0.055 0.000 0.000 0.001 0.009 0.043 0.153 0.201
p.wYear 2021.ID 103.Freshwater 0.931 0.069 0.766 0.799 0.888 0.949 0.992 1.000 1.000
p.wYear 2021.ID 103.Seagrass   0.035 0.044 0.000 0.000 0.000 0.010 0.062 0.127 0.140
p.wYear 2021.ID 104.Estuarine  0.015 0.028 0.000 0.000 0.000 0.003 0.016 0.075 0.101
p.wYear 2021.ID 104.Freshwater 0.980 0.031 0.891 0.916 0.975 0.993 0.999 1.000 1.000
p.wYear 2021.ID 104.Seagrass   0.005 0.010 0.000 0.000 0.000 0.001 0.004 0.024 0.035
p.wYear 2021.ID 105.Estuarine  0.023 0.039 0.000 0.000 0.001 0.006 0.027 0.102 0.140
p.wYear 2021.ID 105.Freshwater 0.953 0.054 0.822 0.845 0.921 0.974 0.997 1.000 1.000
p.wYear 2021.ID 105.Seagrass   0.025 0.036 0.000 0.000 0.000 0.004 0.040 0.102 0.121
p.wYear 2021.ID 106.Estuarine  0.034 0.059 0.000 0.000 0.001 0.007 0.040 0.163 0.210
p.wYear 2021.ID 106.Freshwater 0.956 0.062 0.777 0.821 0.939 0.984 0.998 1.000 1.000
p.wYear 2021.ID 106.Seagrass   0.009 0.017 0.000 0.000 0.000 0.001 0.009 0.047 0.064
p.wYear 2022.ID 107.Estuarine  0.035 0.054 0.000 0.000 0.001 0.010 0.046 0.157 0.192
p.wYear 2022.ID 107.Freshwater 0.952 0.059 0.791 0.826 0.929 0.976 0.996 1.000 1.000
p.wYear 2022.ID 107.Seagrass   0.012 0.022 0.000 0.000 0.000 0.002 0.014 0.064 0.082
