
#################################################################
# Summary Statistics
#################################################################

DIC = 340.5734

                                Mean    SD  2.5%    5%   25%   50%   75%   95% 97.5%
Epsilon.1                      0.063 0.015 0.039 0.042 0.052 0.061 0.072 0.091 0.099
Epsilon.2                      0.179 0.031 0.128 0.133 0.157 0.176 0.197 0.233 0.246
Epsilon.3                      0.427 0.103 0.266 0.285 0.355 0.415 0.482 0.617 0.676
ID.SD                          2.373 0.405 1.712 1.799 2.089 2.329 2.602 3.087 3.310
p.wYear 2011.Estuarine         0.067 0.042 0.015 0.019 0.038 0.057 0.084 0.153 0.175
p.wYear 2012.Estuarine         0.016 0.025 0.001 0.001 0.004 0.009 0.019 0.054 0.074
p.wYear 2013.Estuarine         0.166 0.121 0.017 0.026 0.076 0.136 0.226 0.412 0.476
p.wYear 2014.Estuarine         0.019 0.018 0.002 0.002 0.007 0.013 0.025 0.055 0.068
p.wYear 2016.Estuarine         0.038 0.048 0.002 0.003 0.011 0.023 0.047 0.122 0.167
p.wYear 2017.Estuarine         0.062 0.058 0.006 0.008 0.023 0.044 0.082 0.178 0.218
p.wYear 2018.Estuarine         0.082 0.071 0.008 0.011 0.032 0.060 0.109 0.224 0.272
p.wYear 2019.Estuarine         0.062 0.077 0.002 0.004 0.015 0.034 0.078 0.213 0.294
p.wYear 2020.Estuarine         0.163 0.128 0.017 0.024 0.068 0.127 0.224 0.428 0.494
p.wYear 2021.Estuarine         0.037 0.050 0.001 0.002 0.008 0.019 0.044 0.131 0.181
p.wYear 2022.Estuarine         0.071 0.075 0.004 0.007 0.021 0.047 0.094 0.214 0.283
p.wYear 2011.Freshwater        0.923 0.046 0.804 0.831 0.901 0.934 0.955 0.978 0.982
p.wYear 2012.Freshwater        0.979 0.028 0.911 0.933 0.975 0.987 0.994 0.998 0.999
p.wYear 2013.Freshwater        0.805 0.131 0.489 0.548 0.735 0.833 0.906 0.963 0.976
p.wYear 2014.Freshwater        0.975 0.021 0.921 0.933 0.967 0.981 0.990 0.996 0.997
p.wYear 2016.Freshwater        0.957 0.050 0.822 0.869 0.947 0.973 0.987 0.996 0.997
p.wYear 2017.Freshwater        0.933 0.059 0.771 0.816 0.911 0.951 0.974 0.991 0.993
p.wYear 2018.Freshwater        0.912 0.073 0.714 0.767 0.883 0.934 0.964 0.987 0.991
p.wYear 2019.Freshwater        0.927 0.084 0.681 0.754 0.905 0.956 0.980 0.995 0.996
p.wYear 2020.Freshwater        0.815 0.136 0.469 0.543 0.746 0.851 0.916 0.969 0.979
p.wYear 2021.Freshwater        0.953 0.057 0.798 0.841 0.941 0.972 0.988 0.996 0.998
p.wYear 2022.Freshwater        0.913 0.083 0.680 0.751 0.884 0.938 0.970 0.990 0.993
p.wYear 2011.Seagrass          0.010 0.009 0.001 0.001 0.004 0.008 0.013 0.027 0.034
p.wYear 2012.Seagrass          0.005 0.008 0.000 0.000 0.001 0.002 0.005 0.017 0.026
p.wYear 2013.Seagrass          0.029 0.032 0.001 0.002 0.009 0.019 0.038 0.091 0.118
p.wYear 2014.Seagrass          0.006 0.007 0.000 0.000 0.001 0.004 0.007 0.018 0.025
p.wYear 2016.Seagrass          0.004 0.007 0.000 0.000 0.001 0.002 0.005 0.017 0.023
p.wYear 2017.Seagrass          0.005 0.006 0.000 0.000 0.001 0.003 0.006 0.017 0.022
p.wYear 2018.Seagrass          0.006 0.008 0.000 0.000 0.001 0.004 0.008 0.020 0.027
p.wYear 2019.Seagrass          0.011 0.021 0.000 0.000 0.002 0.005 0.012 0.047 0.068
p.wYear 2020.Seagrass          0.022 0.025 0.001 0.002 0.006 0.014 0.028 0.070 0.092
p.wYear 2021.Seagrass          0.011 0.018 0.000 0.000 0.001 0.004 0.012 0.043 0.059
p.wYear 2022.Seagrass          0.017 0.023 0.000 0.001 0.003 0.009 0.020 0.058 0.078
p.wYear 2011.ID 1.Estuarine    0.846 0.120 0.572 0.617 0.768 0.871 0.946 0.994 0.997
p.wYear 2011.ID 1.Freshwater   0.097 0.081 0.001 0.004 0.028 0.078 0.148 0.253 0.288
p.wYear 2011.ID 1.Seagrass     0.057 0.073 0.000 0.000 0.002 0.017 0.097 0.212 0.244
p.wYear 2011.ID 2.Estuarine    0.281 0.170 0.005 0.013 0.154 0.280 0.399 0.563 0.613
p.wYear 2011.ID 2.Freshwater   0.234 0.122 0.019 0.035 0.142 0.231 0.328 0.438 0.462
p.wYear 2011.ID 2.Seagrass     0.485 0.076 0.318 0.357 0.447 0.493 0.535 0.587 0.604
p.wYear 2011.ID 3.Estuarine    0.085 0.097 0.000 0.000 0.008 0.047 0.136 0.289 0.335
p.wYear 2011.ID 3.Freshwater   0.876 0.099 0.650 0.689 0.818 0.888 0.958 0.999 1.000
p.wYear 2011.ID 3.Seagrass     0.039 0.043 0.000 0.000 0.002 0.022 0.067 0.126 0.142
p.wYear 2011.ID 4.Estuarine    0.964 0.036 0.870 0.891 0.948 0.975 0.991 0.999 0.999
p.wYear 2011.ID 4.Freshwater   0.031 0.034 0.000 0.001 0.006 0.019 0.045 0.102 0.120
p.wYear 2011.ID 4.Seagrass     0.005 0.009 0.000 0.000 0.000 0.001 0.005 0.023 0.033
p.wYear 2011.ID 5.Estuarine    0.406 0.147 0.056 0.136 0.330 0.417 0.492 0.607 0.661
p.wYear 2011.ID 5.Freshwater   0.103 0.088 0.003 0.007 0.036 0.081 0.145 0.285 0.342
p.wYear 2011.ID 5.Seagrass     0.491 0.092 0.298 0.352 0.446 0.502 0.546 0.610 0.633
p.wYear 2011.ID 6.Estuarine    0.020 0.031 0.000 0.000 0.001 0.007 0.025 0.083 0.108
p.wYear 2011.ID 6.Freshwater   0.974 0.034 0.879 0.902 0.963 0.987 0.997 1.000 1.000
p.wYear 2011.ID 6.Seagrass     0.007 0.013 0.000 0.000 0.000 0.001 0.008 0.033 0.046
p.wYear 2011.ID 7.Estuarine    0.168 0.143 0.000 0.001 0.032 0.146 0.276 0.414 0.467
p.wYear 2011.ID 7.Freshwater   0.808 0.138 0.524 0.570 0.708 0.823 0.923 0.997 0.999
p.wYear 2011.ID 7.Seagrass     0.025 0.032 0.000 0.000 0.001 0.009 0.038 0.097 0.113
p.wYear 2011.ID 8.Estuarine    0.891 0.091 0.671 0.715 0.835 0.913 0.967 0.996 0.998
p.wYear 2011.ID 8.Freshwater   0.097 0.087 0.001 0.002 0.024 0.074 0.152 0.269 0.311
p.wYear 2011.ID 8.Seagrass     0.012 0.021 0.000 0.000 0.001 0.003 0.013 0.053 0.073
p.wYear 2011.ID 9.Estuarine    0.012 0.019 0.000 0.000 0.001 0.003 0.014 0.052 0.067
p.wYear 2011.ID 9.Freshwater   0.985 0.021 0.928 0.942 0.980 0.993 0.998 1.000 1.000
p.wYear 2011.ID 9.Seagrass     0.003 0.007 0.000 0.000 0.000 0.001 0.004 0.017 0.023
p.wYear 2011.ID 10.Estuarine   0.043 0.058 0.000 0.000 0.004 0.019 0.063 0.168 0.207
p.wYear 2011.ID 10.Freshwater  0.905 0.071 0.747 0.779 0.858 0.910 0.967 0.999 1.000
p.wYear 2011.ID 10.Seagrass    0.051 0.049 0.000 0.000 0.003 0.040 0.089 0.142 0.156
p.wYear 2011.ID 11.Estuarine   0.033 0.049 0.000 0.000 0.002 0.011 0.045 0.141 0.180
p.wYear 2011.ID 11.Freshwater  0.958 0.052 0.810 0.848 0.941 0.979 0.995 1.000 1.000
p.wYear 2011.ID 11.Seagrass    0.008 0.015 0.000 0.000 0.000 0.002 0.009 0.040 0.054
p.wYear 2011.ID 12.Estuarine   0.021 0.037 0.000 0.000 0.001 0.006 0.023 0.100 0.135
p.wYear 2011.ID 12.Freshwater  0.975 0.039 0.858 0.894 0.970 0.991 0.998 1.000 1.000
p.wYear 2011.ID 12.Seagrass    0.004 0.008 0.000 0.000 0.000 0.001 0.004 0.018 0.026
p.wYear 2012.ID 13.Estuarine   0.045 0.071 0.000 0.000 0.002 0.014 0.057 0.196 0.258
p.wYear 2012.ID 13.Freshwater  0.863 0.083 0.692 0.733 0.814 0.861 0.915 0.998 1.000
p.wYear 2012.ID 13.Seagrass    0.093 0.063 0.000 0.000 0.034 0.102 0.141 0.191 0.207
p.wYear 2012.ID 14.Estuarine   0.005 0.010 0.000 0.000 0.000 0.001 0.005 0.022 0.032
p.wYear 2012.ID 14.Freshwater  0.993 0.011 0.963 0.973 0.992 0.997 0.999 1.000 1.000
p.wYear 2012.ID 14.Seagrass    0.002 0.004 0.000 0.000 0.000 0.000 0.002 0.010 0.014
p.wYear 2012.ID 15.Estuarine   0.008 0.017 0.000 0.000 0.000 0.002 0.007 0.040 0.060
p.wYear 2012.ID 15.Freshwater  0.988 0.019 0.931 0.950 0.987 0.996 0.999 1.000 1.000
p.wYear 2012.ID 15.Seagrass    0.003 0.008 0.000 0.000 0.000 0.001 0.003 0.018 0.026
p.wYear 2012.ID 16.Estuarine   0.008 0.018 0.000 0.000 0.000 0.002 0.007 0.042 0.065
p.wYear 2012.ID 16.Freshwater  0.989 0.020 0.930 0.951 0.987 0.996 0.999 1.000 1.000
p.wYear 2012.ID 16.Seagrass    0.003 0.007 0.000 0.000 0.000 0.000 0.003 0.016 0.025
p.wYear 2012.ID 17.Estuarine   0.007 0.015 0.000 0.000 0.000 0.002 0.007 0.037 0.052
p.wYear 2012.ID 17.Freshwater  0.989 0.018 0.937 0.955 0.987 0.996 0.999 1.000 1.000
p.wYear 2012.ID 17.Seagrass    0.003 0.007 0.000 0.000 0.000 0.001 0.003 0.017 0.026
p.wYear 2012.ID 18.Estuarine   0.010 0.019 0.000 0.000 0.000 0.002 0.010 0.047 0.069
p.wYear 2012.ID 18.Freshwater  0.987 0.021 0.924 0.945 0.983 0.996 0.999 1.000 1.000
p.wYear 2012.ID 18.Seagrass    0.004 0.008 0.000 0.000 0.000 0.001 0.003 0.019 0.028
p.wYear 2012.ID 19.Estuarine   0.027 0.048 0.000 0.000 0.001 0.005 0.030 0.140 0.177
p.wYear 2012.ID 19.Freshwater  0.961 0.053 0.809 0.844 0.946 0.985 0.998 1.000 1.000
p.wYear 2012.ID 19.Seagrass    0.011 0.020 0.000 0.000 0.000 0.001 0.013 0.058 0.072
p.wYear 2013.ID 20.Estuarine   0.396 0.178 0.010 0.049 0.291 0.405 0.509 0.673 0.738
p.wYear 2013.ID 20.Freshwater  0.585 0.171 0.254 0.318 0.477 0.578 0.687 0.901 0.963
p.wYear 2013.ID 20.Seagrass    0.019 0.027 0.000 0.000 0.002 0.008 0.027 0.080 0.099
p.wYear 2013.ID 21.Estuarine   0.882 0.097 0.655 0.695 0.820 0.903 0.962 0.996 0.998
p.wYear 2013.ID 21.Freshwater  0.097 0.087 0.001 0.002 0.025 0.075 0.151 0.266 0.304
p.wYear 2013.ID 21.Seagrass    0.020 0.032 0.000 0.000 0.001 0.006 0.025 0.093 0.115
p.wYear 2013.ID 22.Estuarine   0.262 0.155 0.004 0.013 0.143 0.269 0.372 0.501 0.550
p.wYear 2013.ID 22.Freshwater  0.179 0.110 0.008 0.017 0.088 0.168 0.266 0.367 0.388
p.wYear 2013.ID 22.Seagrass    0.559 0.075 0.401 0.437 0.520 0.565 0.605 0.665 0.688
p.wYear 2013.ID 23.Estuarine   0.867 0.106 0.630 0.666 0.796 0.889 0.957 0.995 0.998
p.wYear 2013.ID 23.Freshwater  0.097 0.086 0.001 0.002 0.024 0.075 0.152 0.264 0.292
p.wYear 2013.ID 23.Seagrass    0.036 0.050 0.000 0.000 0.001 0.012 0.053 0.150 0.175
p.wYear 2013.ID 24.Estuarine   0.434 0.175 0.039 0.119 0.331 0.440 0.537 0.715 0.784
p.wYear 2013.ID 24.Freshwater  0.522 0.152 0.195 0.272 0.434 0.522 0.614 0.773 0.826
p.wYear 2013.ID 24.Seagrass    0.044 0.048 0.000 0.000 0.004 0.027 0.074 0.142 0.163
p.wYear 2013.ID 25.Estuarine   0.060 0.072 0.000 0.000 0.006 0.031 0.090 0.214 0.250
p.wYear 2013.ID 25.Freshwater  0.910 0.077 0.725 0.763 0.866 0.922 0.974 0.998 0.999
p.wYear 2013.ID 25.Seagrass    0.031 0.036 0.000 0.000 0.002 0.014 0.052 0.106 0.121
p.wYear 2013.ID 26.Estuarine   0.073 0.089 0.000 0.001 0.012 0.042 0.105 0.239 0.293
p.wYear 2013.ID 26.Freshwater  0.686 0.075 0.517 0.552 0.651 0.697 0.734 0.785 0.801
p.wYear 2013.ID 26.Seagrass    0.242 0.048 0.136 0.163 0.215 0.245 0.273 0.312 0.325
p.wYear 2013.ID 27.Estuarine   0.019 0.030 0.000 0.000 0.001 0.007 0.024 0.083 0.109
p.wYear 2013.ID 27.Freshwater  0.975 0.032 0.881 0.906 0.968 0.987 0.996 1.000 1.000
p.wYear 2013.ID 27.Seagrass    0.006 0.010 0.000 0.000 0.000 0.002 0.006 0.026 0.035
p.wYear 2013.ID 28.Estuarine   0.168 0.145 0.001 0.002 0.039 0.138 0.265 0.437 0.490
p.wYear 2013.ID 28.Freshwater  0.736 0.117 0.487 0.531 0.661 0.753 0.822 0.899 0.934
p.wYear 2013.ID 28.Seagrass    0.095 0.060 0.000 0.001 0.043 0.101 0.141 0.190 0.205
p.wYear 2013.ID 29.Estuarine   0.060 0.072 0.000 0.000 0.006 0.029 0.090 0.216 0.252
p.wYear 2013.ID 29.Freshwater  0.907 0.077 0.720 0.760 0.861 0.920 0.973 0.999 0.999
p.wYear 2013.ID 29.Seagrass    0.033 0.038 0.000 0.000 0.002 0.016 0.054 0.114 0.129
p.wYear 2013.ID 30.Estuarine   0.216 0.151 0.001 0.002 0.083 0.215 0.325 0.464 0.509
p.wYear 2013.ID 30.Freshwater  0.755 0.144 0.473 0.522 0.655 0.755 0.870 0.983 0.997
p.wYear 2013.ID 30.Seagrass    0.028 0.035 0.000 0.000 0.002 0.013 0.045 0.101 0.118
p.wYear 2014.ID 31.Estuarine   0.033 0.056 0.000 0.000 0.001 0.007 0.039 0.158 0.202
p.wYear 2014.ID 31.Freshwater  0.955 0.061 0.786 0.826 0.934 0.982 0.997 1.000 1.000
p.wYear 2014.ID 31.Seagrass    0.012 0.021 0.000 0.000 0.000 0.002 0.014 0.058 0.075
p.wYear 2014.ID 32.Estuarine   0.032 0.057 0.000 0.000 0.001 0.006 0.035 0.158 0.209
p.wYear 2014.ID 32.Freshwater  0.962 0.059 0.780 0.835 0.951 0.988 0.998 1.000 1.000
p.wYear 2014.ID 32.Seagrass    0.006 0.012 0.000 0.000 0.000 0.001 0.006 0.030 0.042
p.wYear 2014.ID 33.Estuarine   0.031 0.059 0.000 0.000 0.001 0.005 0.030 0.157 0.218
p.wYear 2014.ID 33.Freshwater  0.964 0.061 0.779 0.831 0.958 0.989 0.998 1.000 1.000
p.wYear 2014.ID 33.Seagrass    0.005 0.011 0.000 0.000 0.000 0.001 0.005 0.025 0.038
p.wYear 2014.ID 34.Estuarine   0.015 0.028 0.000 0.000 0.000 0.003 0.015 0.075 0.099
p.wYear 2014.ID 34.Freshwater  0.981 0.030 0.893 0.916 0.976 0.993 0.999 1.000 1.000
p.wYear 2014.ID 34.Seagrass    0.005 0.009 0.000 0.000 0.000 0.001 0.004 0.024 0.035
p.wYear 2014.ID 35.Estuarine   0.015 0.029 0.000 0.000 0.000 0.003 0.015 0.072 0.103
p.wYear 2014.ID 35.Freshwater  0.981 0.031 0.887 0.918 0.977 0.994 0.999 1.000 1.000
p.wYear 2014.ID 35.Seagrass    0.004 0.009 0.000 0.000 0.000 0.001 0.004 0.021 0.030
p.wYear 2014.ID 36.Estuarine   0.035 0.058 0.000 0.000 0.001 0.008 0.043 0.168 0.207
p.wYear 2014.ID 36.Freshwater  0.951 0.062 0.781 0.815 0.927 0.977 0.996 1.000 1.000
p.wYear 2014.ID 36.Seagrass    0.014 0.023 0.000 0.000 0.000 0.003 0.017 0.067 0.085
p.wYear 2014.ID 37.Estuarine   0.018 0.034 0.000 0.000 0.001 0.004 0.018 0.091 0.123
p.wYear 2014.ID 37.Freshwater  0.974 0.038 0.862 0.894 0.967 0.991 0.998 1.000 1.000
p.wYear 2014.ID 37.Seagrass    0.008 0.015 0.000 0.000 0.000 0.001 0.008 0.040 0.054
p.wYear 2014.ID 38.Estuarine   0.020 0.035 0.000 0.000 0.001 0.004 0.021 0.098 0.128
p.wYear 2014.ID 38.Freshwater  0.966 0.044 0.844 0.873 0.948 0.985 0.998 1.000 1.000
p.wYear 2014.ID 38.Seagrass    0.015 0.025 0.000 0.000 0.000 0.002 0.018 0.071 0.087
p.wYear 2014.ID 39.Estuarine   0.035 0.055 0.000 0.000 0.001 0.009 0.045 0.160 0.198
p.wYear 2014.ID 39.Freshwater  0.948 0.061 0.778 0.819 0.918 0.972 0.995 1.000 1.000
p.wYear 2014.ID 39.Seagrass    0.018 0.028 0.000 0.000 0.000 0.003 0.023 0.081 0.099
p.wYear 2014.ID 40.Estuarine   0.093 0.113 0.000 0.000 0.003 0.039 0.162 0.324 0.366
p.wYear 2014.ID 40.Freshwater  0.886 0.113 0.622 0.664 0.812 0.922 0.986 1.000 1.000
p.wYear 2014.ID 40.Seagrass    0.020 0.030 0.000 0.000 0.001 0.005 0.031 0.086 0.104
p.wYear 2014.ID 41.Estuarine   0.018 0.034 0.000 0.000 0.001 0.004 0.020 0.087 0.123
p.wYear 2014.ID 41.Freshwater  0.975 0.037 0.864 0.898 0.968 0.990 0.998 1.000 1.000
p.wYear 2014.ID 41.Seagrass    0.006 0.013 0.000 0.000 0.000 0.001 0.006 0.031 0.045
p.wYear 2014.ID 42.Estuarine   0.162 0.129 0.000 0.001 0.038 0.149 0.263 0.379 0.414
p.wYear 2014.ID 42.Freshwater  0.164 0.093 0.010 0.018 0.085 0.164 0.238 0.314 0.329
p.wYear 2014.ID 42.Seagrass    0.674 0.067 0.533 0.563 0.634 0.676 0.717 0.780 0.806
p.wYear 2014.ID 43.Estuarine   0.021 0.038 0.000 0.000 0.001 0.004 0.022 0.102 0.141
p.wYear 2014.ID 43.Freshwater  0.972 0.041 0.848 0.886 0.965 0.989 0.998 1.000 1.000
p.wYear 2014.ID 43.Seagrass    0.007 0.013 0.000 0.000 0.000 0.001 0.007 0.033 0.045
p.wYear 2014.ID 44.Estuarine   0.018 0.032 0.000 0.000 0.001 0.004 0.020 0.082 0.116
p.wYear 2014.ID 44.Freshwater  0.967 0.042 0.854 0.881 0.950 0.986 0.997 1.000 1.000
p.wYear 2014.ID 44.Seagrass    0.015 0.026 0.000 0.000 0.000 0.002 0.018 0.075 0.094
p.wYear 2014.ID 45.Estuarine   0.031 0.050 0.000 0.000 0.001 0.008 0.038 0.139 0.178
p.wYear 2014.ID 45.Freshwater  0.953 0.057 0.800 0.835 0.926 0.975 0.996 1.000 1.000
p.wYear 2014.ID 45.Seagrass    0.017 0.027 0.000 0.000 0.000 0.003 0.022 0.079 0.094
p.wYear 2014.ID 46.Estuarine   0.025 0.043 0.000 0.000 0.001 0.006 0.028 0.124 0.156
p.wYear 2014.ID 46.Freshwater  0.961 0.050 0.824 0.855 0.943 0.983 0.997 1.000 1.000
p.wYear 2014.ID 46.Seagrass    0.014 0.024 0.000 0.000 0.000 0.002 0.016 0.069 0.084
p.wYear 2014.ID 47.Estuarine   0.050 0.073 0.000 0.000 0.002 0.014 0.071 0.214 0.258
p.wYear 2014.ID 47.Freshwater  0.926 0.078 0.726 0.765 0.887 0.950 0.992 1.000 1.000
p.wYear 2014.ID 47.Seagrass    0.024 0.033 0.000 0.000 0.000 0.006 0.037 0.094 0.111
p.wYear 2014.ID 48.Estuarine   0.013 0.025 0.000 0.000 0.000 0.003 0.013 0.064 0.087
p.wYear 2014.ID 48.Freshwater  0.982 0.028 0.899 0.924 0.978 0.994 0.999 1.000 1.000
p.wYear 2014.ID 48.Seagrass    0.005 0.010 0.000 0.000 0.000 0.001 0.004 0.026 0.038
p.wYear 2014.ID 49.Estuarine   0.078 0.095 0.000 0.000 0.004 0.031 0.128 0.275 0.317
p.wYear 2014.ID 49.Freshwater  0.881 0.096 0.662 0.698 0.823 0.893 0.965 0.999 1.000
p.wYear 2014.ID 49.Seagrass    0.041 0.046 0.000 0.000 0.002 0.023 0.074 0.131 0.147
p.wYear 2014.ID 50.Estuarine   0.021 0.037 0.000 0.000 0.001 0.005 0.022 0.101 0.134
p.wYear 2014.ID 50.Freshwater  0.970 0.042 0.853 0.881 0.959 0.988 0.998 1.000 1.000
p.wYear 2014.ID 50.Seagrass    0.009 0.017 0.000 0.000 0.000 0.001 0.009 0.046 0.058
p.wYear 2014.ID 51.Estuarine   0.758 0.134 0.494 0.536 0.667 0.759 0.859 0.973 0.985
p.wYear 2014.ID 51.Freshwater  0.214 0.122 0.010 0.021 0.119 0.215 0.299 0.415 0.458
p.wYear 2014.ID 51.Seagrass    0.028 0.041 0.000 0.000 0.001 0.009 0.039 0.117 0.144
p.wYear 2014.ID 52.Estuarine   0.255 0.175 0.000 0.002 0.096 0.268 0.390 0.530 0.571
p.wYear 2014.ID 52.Freshwater  0.688 0.150 0.404 0.453 0.578 0.684 0.805 0.929 0.981
p.wYear 2014.ID 52.Seagrass    0.057 0.055 0.000 0.000 0.006 0.042 0.097 0.161 0.177
p.wYear 2016.ID 53.Estuarine   0.022 0.039 0.000 0.000 0.001 0.005 0.023 0.102 0.141
p.wYear 2016.ID 53.Freshwater  0.975 0.040 0.856 0.893 0.969 0.991 0.998 1.000 1.000
p.wYear 2016.ID 53.Seagrass    0.003 0.007 0.000 0.000 0.000 0.000 0.003 0.018 0.025
p.wYear 2016.ID 54.Estuarine   0.016 0.030 0.000 0.000 0.001 0.004 0.016 0.075 0.105
p.wYear 2016.ID 54.Freshwater  0.982 0.031 0.892 0.920 0.979 0.994 0.999 1.000 1.000
p.wYear 2016.ID 54.Seagrass    0.003 0.005 0.000 0.000 0.000 0.000 0.002 0.012 0.019
p.wYear 2016.ID 55.Estuarine   0.039 0.059 0.000 0.000 0.001 0.011 0.053 0.170 0.208
p.wYear 2016.ID 55.Freshwater  0.947 0.064 0.779 0.813 0.921 0.973 0.996 1.000 1.000
p.wYear 2016.ID 55.Seagrass    0.014 0.025 0.000 0.000 0.000 0.002 0.017 0.071 0.089
p.wYear 2016.ID 56.Estuarine   0.887 0.089 0.678 0.718 0.835 0.904 0.961 0.995 0.997
p.wYear 2016.ID 56.Freshwater  0.099 0.083 0.002 0.004 0.031 0.082 0.148 0.262 0.296
p.wYear 2016.ID 56.Seagrass    0.013 0.026 0.000 0.000 0.000 0.002 0.013 0.070 0.097
p.wYear 2016.ID 57.Estuarine   0.016 0.029 0.000 0.000 0.001 0.004 0.017 0.077 0.107
p.wYear 2016.ID 57.Freshwater  0.980 0.031 0.888 0.916 0.976 0.993 0.999 1.000 1.000
p.wYear 2016.ID 57.Seagrass    0.004 0.008 0.000 0.000 0.000 0.001 0.003 0.018 0.029
p.wYear 2016.ID 58.Estuarine   0.035 0.055 0.000 0.000 0.001 0.009 0.045 0.160 0.197
p.wYear 2016.ID 58.Freshwater  0.956 0.058 0.791 0.825 0.935 0.982 0.997 1.000 1.000
p.wYear 2016.ID 58.Seagrass    0.009 0.019 0.000 0.000 0.000 0.001 0.008 0.050 0.071
p.wYear 2016.ID 59.Estuarine   0.027 0.045 0.000 0.000 0.001 0.007 0.032 0.123 0.158
p.wYear 2016.ID 59.Freshwater  0.968 0.047 0.836 0.868 0.958 0.988 0.998 1.000 1.000
p.wYear 2016.ID 59.Seagrass    0.006 0.012 0.000 0.000 0.000 0.001 0.005 0.031 0.044
p.wYear 2016.ID 60.Estuarine   0.028 0.047 0.000 0.000 0.001 0.007 0.031 0.132 0.168
p.wYear 2016.ID 60.Freshwater  0.967 0.048 0.822 0.862 0.957 0.988 0.998 1.000 1.000
p.wYear 2016.ID 60.Seagrass    0.005 0.011 0.000 0.000 0.000 0.001 0.005 0.028 0.040
p.wYear 2017.ID 61.Estuarine   0.089 0.099 0.000 0.000 0.006 0.050 0.147 0.288 0.332
p.wYear 2017.ID 61.Freshwater  0.903 0.100 0.658 0.702 0.844 0.935 0.988 1.000 1.000
p.wYear 2017.ID 61.Seagrass    0.009 0.017 0.000 0.000 0.000 0.002 0.009 0.043 0.060
p.wYear 2017.ID 62.Estuarine   0.118 0.119 0.000 0.000 0.010 0.079 0.203 0.339 0.382
p.wYear 2017.ID 62.Freshwater  0.872 0.119 0.612 0.654 0.788 0.902 0.981 0.999 1.000
p.wYear 2017.ID 62.Seagrass    0.010 0.019 0.000 0.000 0.000 0.002 0.010 0.051 0.069
p.wYear 2017.ID 63.Estuarine   0.048 0.066 0.000 0.000 0.002 0.018 0.068 0.188 0.226
p.wYear 2017.ID 63.Freshwater  0.944 0.068 0.764 0.804 0.913 0.970 0.995 1.000 1.000
p.wYear 2017.ID 63.Seagrass    0.008 0.017 0.000 0.000 0.000 0.001 0.008 0.043 0.058
p.wYear 2017.ID 64.Estuarine   0.052 0.070 0.000 0.000 0.003 0.020 0.074 0.208 0.249
p.wYear 2017.ID 64.Freshwater  0.939 0.072 0.744 0.785 0.909 0.969 0.994 1.000 1.000
p.wYear 2017.ID 64.Seagrass    0.009 0.017 0.000 0.000 0.000 0.001 0.008 0.046 0.061
p.wYear 2017.ID 65.Estuarine   0.036 0.055 0.000 0.000 0.002 0.011 0.047 0.149 0.198
p.wYear 2017.ID 65.Freshwater  0.960 0.056 0.796 0.845 0.943 0.984 0.997 1.000 1.000
p.wYear 2017.ID 65.Seagrass    0.005 0.010 0.000 0.000 0.000 0.001 0.004 0.025 0.035
p.wYear 2017.ID 66.Estuarine   0.023 0.040 0.000 0.000 0.001 0.006 0.029 0.102 0.133
p.wYear 2017.ID 66.Freshwater  0.973 0.041 0.860 0.893 0.964 0.990 0.998 1.000 1.000
p.wYear 2017.ID 66.Seagrass    0.004 0.008 0.000 0.000 0.000 0.001 0.003 0.019 0.029
p.wYear 2017.ID 67.Estuarine   0.904 0.084 0.697 0.739 0.858 0.926 0.971 0.996 0.998
p.wYear 2017.ID 67.Freshwater  0.087 0.080 0.001 0.003 0.023 0.063 0.131 0.249 0.283
p.wYear 2017.ID 67.Seagrass    0.009 0.018 0.000 0.000 0.000 0.002 0.009 0.043 0.066
p.wYear 2017.ID 68.Estuarine   0.858 0.110 0.617 0.654 0.784 0.879 0.952 0.994 0.998
p.wYear 2017.ID 68.Freshwater  0.133 0.108 0.001 0.004 0.040 0.110 0.203 0.333 0.374
p.wYear 2017.ID 68.Seagrass    0.009 0.017 0.000 0.000 0.000 0.002 0.009 0.045 0.063
p.wYear 2017.ID 69.Estuarine   0.769 0.168 0.413 0.470 0.649 0.789 0.914 0.991 0.996
p.wYear 2017.ID 69.Freshwater  0.122 0.094 0.002 0.005 0.043 0.105 0.185 0.296 0.326
p.wYear 2017.ID 69.Seagrass    0.109 0.109 0.000 0.000 0.003 0.079 0.204 0.302 0.327
p.wYear 2017.ID 70.Estuarine   0.037 0.054 0.000 0.000 0.002 0.013 0.052 0.151 0.199
p.wYear 2017.ID 70.Freshwater  0.949 0.059 0.791 0.830 0.921 0.971 0.995 1.000 1.000
p.wYear 2017.ID 70.Seagrass    0.014 0.025 0.000 0.000 0.000 0.002 0.016 0.072 0.089
p.wYear 2017.ID 71.Estuarine   0.017 0.029 0.000 0.000 0.001 0.005 0.021 0.079 0.103
p.wYear 2017.ID 71.Freshwater  0.979 0.031 0.892 0.915 0.973 0.992 0.998 1.000 1.000
p.wYear 2017.ID 71.Seagrass    0.004 0.008 0.000 0.000 0.000 0.001 0.003 0.018 0.030
p.wYear 2017.ID 72.Estuarine   0.017 0.027 0.000 0.000 0.001 0.005 0.020 0.073 0.098
p.wYear 2017.ID 72.Freshwater  0.979 0.030 0.891 0.916 0.973 0.991 0.998 1.000 1.000
p.wYear 2017.ID 72.Seagrass    0.004 0.009 0.000 0.000 0.000 0.001 0.003 0.020 0.029
p.wYear 2017.ID 73.Estuarine   0.036 0.053 0.000 0.000 0.002 0.012 0.048 0.150 0.188
p.wYear 2017.ID 73.Freshwater  0.958 0.055 0.804 0.842 0.941 0.980 0.996 1.000 1.000
p.wYear 2017.ID 73.Seagrass    0.006 0.013 0.000 0.000 0.000 0.001 0.006 0.033 0.047
p.wYear 2017.ID 74.Estuarine   0.023 0.036 0.000 0.000 0.001 0.007 0.029 0.097 0.133
p.wYear 2017.ID 74.Freshwater  0.970 0.039 0.859 0.889 0.957 0.986 0.997 1.000 1.000
p.wYear 2017.ID 74.Seagrass    0.007 0.015 0.000 0.000 0.000 0.001 0.006 0.040 0.054
p.wYear 2018.ID 75.Estuarine   0.890 0.095 0.660 0.709 0.837 0.914 0.966 0.996 0.998
p.wYear 2018.ID 75.Freshwater  0.099 0.090 0.001 0.002 0.026 0.073 0.150 0.275 0.318
p.wYear 2018.ID 75.Seagrass    0.012 0.024 0.000 0.000 0.000 0.002 0.011 0.059 0.085
p.wYear 2018.ID 76.Estuarine   0.393 0.186 0.005 0.030 0.282 0.406 0.507 0.687 0.758
p.wYear 2018.ID 76.Freshwater  0.585 0.175 0.221 0.307 0.479 0.580 0.685 0.895 0.968
p.wYear 2018.ID 76.Seagrass    0.022 0.034 0.000 0.000 0.001 0.006 0.031 0.098 0.119
p.wYear 2018.ID 77.Estuarine   0.017 0.027 0.000 0.000 0.001 0.005 0.020 0.070 0.099
p.wYear 2018.ID 77.Freshwater  0.980 0.029 0.893 0.922 0.972 0.991 0.998 1.000 1.000
p.wYear 2018.ID 77.Seagrass    0.004 0.009 0.000 0.000 0.000 0.001 0.003 0.020 0.030
p.wYear 2018.ID 78.Estuarine   0.055 0.074 0.000 0.000 0.003 0.021 0.080 0.211 0.256
p.wYear 2018.ID 78.Freshwater  0.937 0.076 0.733 0.778 0.907 0.967 0.993 1.000 1.000
p.wYear 2018.ID 78.Seagrass    0.008 0.016 0.000 0.000 0.000 0.001 0.008 0.043 0.058
p.wYear 2018.ID 79.Estuarine   0.034 0.050 0.000 0.000 0.002 0.012 0.046 0.144 0.181
p.wYear 2018.ID 79.Freshwater  0.955 0.055 0.804 0.840 0.934 0.978 0.995 1.000 1.000
p.wYear 2018.ID 79.Seagrass    0.010 0.020 0.000 0.000 0.000 0.001 0.010 0.057 0.072
p.wYear 2018.ID 80.Estuarine   0.067 0.081 0.000 0.000 0.005 0.032 0.106 0.243 0.283
p.wYear 2018.ID 80.Freshwater  0.916 0.084 0.709 0.742 0.869 0.941 0.987 0.999 1.000
p.wYear 2018.ID 80.Seagrass    0.017 0.027 0.000 0.000 0.000 0.003 0.022 0.079 0.095
p.wYear 2018.ID 81.Estuarine   0.038 0.055 0.000 0.000 0.002 0.014 0.052 0.156 0.198
p.wYear 2018.ID 81.Freshwater  0.953 0.058 0.792 0.830 0.930 0.976 0.995 1.000 1.000
p.wYear 2018.ID 81.Seagrass    0.009 0.018 0.000 0.000 0.000 0.001 0.009 0.047 0.066
p.wYear 2018.ID 82.Estuarine   0.349 0.204 0.004 0.015 0.198 0.354 0.483 0.690 0.790
p.wYear 2018.ID 82.Freshwater  0.582 0.163 0.206 0.294 0.489 0.587 0.693 0.827 0.864
p.wYear 2018.ID 82.Seagrass    0.070 0.067 0.000 0.000 0.004 0.054 0.123 0.191 0.209
p.wYear 2018.ID 83.Estuarine   0.039 0.056 0.000 0.000 0.002 0.014 0.053 0.166 0.197
p.wYear 2018.ID 83.Freshwater  0.952 0.059 0.793 0.826 0.930 0.976 0.995 1.000 1.000
p.wYear 2018.ID 83.Seagrass    0.009 0.018 0.000 0.000 0.000 0.001 0.009 0.047 0.063
p.wYear 2018.ID 84.Estuarine   0.585 0.159 0.278 0.335 0.486 0.578 0.680 0.865 0.937
p.wYear 2018.ID 84.Freshwater  0.391 0.147 0.052 0.121 0.305 0.400 0.488 0.614 0.666
p.wYear 2018.ID 84.Seagrass    0.024 0.036 0.000 0.000 0.001 0.006 0.033 0.105 0.128
p.wYear 2018.ID 85.Estuarine   0.058 0.073 0.000 0.000 0.004 0.026 0.089 0.215 0.257
p.wYear 2018.ID 85.Freshwater  0.932 0.075 0.734 0.773 0.892 0.958 0.992 1.000 1.000
p.wYear 2018.ID 85.Seagrass    0.010 0.019 0.000 0.000 0.000 0.002 0.011 0.053 0.070
p.wYear 2018.ID 86.Estuarine   0.416 0.176 0.014 0.078 0.314 0.426 0.529 0.683 0.750
p.wYear 2018.ID 86.Freshwater  0.568 0.169 0.241 0.306 0.459 0.560 0.669 0.873 0.941
p.wYear 2018.ID 86.Seagrass    0.017 0.026 0.000 0.000 0.001 0.004 0.020 0.075 0.097
p.wYear 2018.ID 87.Estuarine   0.052 0.070 0.000 0.000 0.003 0.021 0.077 0.199 0.242
p.wYear 2018.ID 87.Freshwater  0.940 0.072 0.751 0.789 0.911 0.969 0.994 1.000 1.000
p.wYear 2018.ID 87.Seagrass    0.008 0.015 0.000 0.000 0.000 0.001 0.008 0.040 0.054
p.wYear 2018.ID 88.Estuarine   0.121 0.132 0.000 0.000 0.009 0.073 0.201 0.383 0.431
p.wYear 2018.ID 88.Freshwater  0.869 0.132 0.565 0.610 0.789 0.911 0.983 0.999 1.000
p.wYear 2018.ID 88.Seagrass    0.009 0.017 0.000 0.000 0.000 0.002 0.010 0.046 0.062
p.wYear 2019.ID 89.Estuarine   0.123 0.126 0.000 0.000 0.014 0.083 0.205 0.366 0.415
p.wYear 2019.ID 89.Freshwater  0.829 0.120 0.565 0.611 0.756 0.844 0.920 0.997 0.999
p.wYear 2019.ID 89.Seagrass    0.048 0.049 0.000 0.000 0.003 0.030 0.084 0.143 0.158
p.wYear 2019.ID 90.Estuarine   0.030 0.048 0.000 0.000 0.001 0.008 0.039 0.136 0.175
p.wYear 2019.ID 90.Freshwater  0.963 0.050 0.821 0.857 0.947 0.984 0.997 1.000 1.000
p.wYear 2019.ID 90.Seagrass    0.007 0.013 0.000 0.000 0.000 0.001 0.007 0.035 0.048
p.wYear 2019.ID 91.Estuarine   0.072 0.094 0.000 0.000 0.003 0.024 0.116 0.272 0.310
p.wYear 2019.ID 91.Freshwater  0.915 0.096 0.671 0.718 0.867 0.950 0.991 1.000 1.000
p.wYear 2019.ID 91.Seagrass    0.014 0.022 0.000 0.000 0.000 0.003 0.017 0.063 0.079
p.wYear 2019.ID 92.Estuarine   0.078 0.096 0.000 0.000 0.004 0.033 0.130 0.279 0.316
p.wYear 2019.ID 92.Freshwater  0.911 0.096 0.674 0.714 0.858 0.947 0.989 1.000 1.000
p.wYear 2019.ID 92.Seagrass    0.012 0.020 0.000 0.000 0.000 0.003 0.014 0.055 0.070
p.wYear 2020.ID 93.Estuarine   0.052 0.065 0.000 0.000 0.003 0.023 0.079 0.192 0.228
p.wYear 2020.ID 93.Freshwater  0.937 0.068 0.764 0.795 0.905 0.961 0.991 0.999 1.000
p.wYear 2020.ID 93.Seagrass    0.011 0.018 0.000 0.000 0.000 0.003 0.013 0.051 0.066
p.wYear 2020.ID 94.Estuarine   0.056 0.071 0.000 0.000 0.004 0.026 0.084 0.207 0.247
p.wYear 2020.ID 94.Freshwater  0.935 0.072 0.742 0.785 0.903 0.962 0.990 0.999 1.000
p.wYear 2020.ID 94.Seagrass    0.009 0.015 0.000 0.000 0.000 0.002 0.011 0.041 0.056
p.wYear 2020.ID 95.Estuarine   0.815 0.131 0.540 0.587 0.726 0.825 0.926 0.991 0.996
p.wYear 2020.ID 95.Freshwater  0.170 0.127 0.002 0.005 0.062 0.157 0.257 0.400 0.443
p.wYear 2020.ID 95.Seagrass    0.014 0.023 0.000 0.000 0.001 0.004 0.017 0.065 0.085
p.wYear 2020.ID 96.Estuarine   0.103 0.108 0.000 0.001 0.012 0.063 0.165 0.319 0.368
p.wYear 2020.ID 96.Freshwater  0.848 0.105 0.616 0.660 0.785 0.861 0.928 0.996 0.999
p.wYear 2020.ID 96.Seagrass    0.049 0.048 0.000 0.000 0.004 0.036 0.084 0.139 0.154
p.wYear 2020.ID 97.Estuarine   0.051 0.068 0.000 0.000 0.004 0.021 0.074 0.201 0.242
p.wYear 2020.ID 97.Freshwater  0.941 0.070 0.752 0.789 0.912 0.967 0.992 1.000 1.000
p.wYear 2020.ID 97.Seagrass    0.008 0.014 0.000 0.000 0.000 0.002 0.010 0.037 0.050
p.wYear 2020.ID 98.Estuarine   0.101 0.103 0.000 0.000 0.012 0.069 0.164 0.302 0.340
p.wYear 2020.ID 98.Freshwater  0.879 0.103 0.643 0.682 0.813 0.899 0.966 0.998 1.000
p.wYear 2020.ID 98.Seagrass    0.020 0.028 0.000 0.000 0.001 0.007 0.029 0.080 0.098
p.wYear 2020.ID 99.Estuarine   0.615 0.159 0.339 0.387 0.512 0.596 0.694 0.957 0.986
p.wYear 2020.ID 99.Freshwater  0.079 0.070 0.001 0.003 0.023 0.062 0.113 0.210 0.251
p.wYear 2020.ID 99.Seagrass    0.306 0.126 0.000 0.004 0.251 0.335 0.393 0.461 0.480
p.wYear 2020.ID 100.Estuarine  0.943 0.057 0.794 0.826 0.917 0.961 0.987 0.998 0.999
p.wYear 2020.ID 100.Freshwater 0.050 0.055 0.000 0.001 0.009 0.031 0.073 0.167 0.200
p.wYear 2020.ID 100.Seagrass   0.007 0.012 0.000 0.000 0.000 0.002 0.008 0.031 0.042
p.wYear 2020.ID 101.Estuarine  0.280 0.160 0.007 0.017 0.165 0.277 0.393 0.545 0.587
p.wYear 2020.ID 101.Freshwater 0.214 0.113 0.014 0.031 0.127 0.213 0.297 0.406 0.430
p.wYear 2020.ID 101.Seagrass   0.506 0.074 0.348 0.379 0.468 0.514 0.554 0.610 0.627
p.wYear 2020.ID 102.Estuarine  0.083 0.090 0.000 0.000 0.008 0.048 0.134 0.262 0.303
p.wYear 2020.ID 102.Freshwater 0.895 0.092 0.680 0.721 0.839 0.913 0.973 0.999 1.000
p.wYear 2020.ID 102.Seagrass   0.022 0.030 0.000 0.000 0.001 0.008 0.035 0.086 0.101
p.wYear 2021.ID 103.Estuarine  0.030 0.049 0.000 0.000 0.001 0.009 0.038 0.136 0.176
p.wYear 2021.ID 103.Freshwater 0.934 0.063 0.789 0.818 0.894 0.947 0.991 1.000 1.000
p.wYear 2021.ID 103.Seagrass   0.036 0.042 0.000 0.000 0.001 0.014 0.065 0.121 0.136
p.wYear 2021.ID 104.Estuarine  0.014 0.027 0.000 0.000 0.000 0.003 0.015 0.068 0.089
p.wYear 2021.ID 104.Freshwater 0.981 0.029 0.906 0.923 0.976 0.993 0.998 1.000 1.000
p.wYear 2021.ID 104.Seagrass   0.004 0.009 0.000 0.000 0.000 0.001 0.004 0.023 0.031
p.wYear 2021.ID 105.Estuarine  0.022 0.036 0.000 0.000 0.001 0.006 0.025 0.096 0.130
p.wYear 2021.ID 105.Freshwater 0.954 0.051 0.824 0.850 0.927 0.974 0.996 1.000 1.000
p.wYear 2021.ID 105.Seagrass   0.024 0.034 0.000 0.000 0.000 0.005 0.038 0.099 0.117
p.wYear 2021.ID 106.Estuarine  0.032 0.051 0.000 0.000 0.001 0.007 0.040 0.151 0.184
p.wYear 2021.ID 106.Freshwater 0.958 0.055 0.803 0.838 0.940 0.982 0.996 1.000 1.000
p.wYear 2021.ID 106.Seagrass   0.010 0.018 0.000 0.000 0.000 0.002 0.011 0.050 0.065
p.wYear 2022.ID 107.Estuarine  0.031 0.048 0.000 0.000 0.001 0.009 0.041 0.135 0.178
p.wYear 2022.ID 107.Freshwater 0.955 0.054 0.809 0.842 0.932 0.976 0.995 1.000 1.000
p.wYear 2022.ID 107.Seagrass   0.014 0.023 0.000 0.000 0.000 0.003 0.018 0.064 0.084
p.wYear 2022.ID 108.Estuarine  0.414 0.193 0.013 0.050 0.296 0.424 0.535 0.718 0.811
p.wYear 2022.ID 108.Freshwater 0.510 0.151 0.167 0.255 0.419 0.510 0.601 0.773 0.812
p.wYear 2022.ID 108.Seagrass   0.077 0.067 0.000 0.000 0.009 0.067 0.129 0.196 0.215
p.wYear 2022.ID 109.Estuarine  0.488 0.173 0.050 0.178 0.396 0.492 0.591 0.760 0.837
p.wYear 2022.ID 109.Freshwater 0.486 0.162 0.155 0.228 0.390 0.485 0.577 0.767 0.852
p.wYear 2022.ID 109.Seagrass   0.026 0.034 0.000 0.000 0.002 0.010 0.038 0.097 0.121
p.wYear 2022.ID 110.Estuarine  0.090 0.103 0.000 0.000 0.006 0.049 0.149 0.299 0.337
p.wYear 2022.ID 110.Freshwater 0.889 0.103 0.647 0.689 0.824 0.918 0.978 0.999 1.000
p.wYear 2022.ID 110.Seagrass   0.021 0.029 0.000 0.000 0.001 0.007 0.032 0.084 0.100
p.wYear 2022.ID 111.Estuarine  0.021 0.033 0.000 0.000 0.001 0.006 0.025 0.092 0.122
p.wYear 2022.ID 111.Freshwater 0.970 0.038 0.865 0.891 0.956 0.985 0.996 1.000 1.000
p.wYear 2022.ID 111.Seagrass   0.010 0.018 0.000 0.000 0.000 0.002 0.011 0.049 0.070
p.wYear 2022.ID 112.Estuarine  0.072 0.088 0.000 0.000 0.005 0.034 0.114 0.257 0.302
p.wYear 2022.ID 112.Freshwater 0.893 0.090 0.682 0.719 0.838 0.908 0.970 0.999 1.000
p.wYear 2022.ID 112.Seagrass   0.035 0.041 0.000 0.000 0.002 0.017 0.059 0.117 0.133
p.wYear 2022.ID 113.Estuarine  0.033 0.046 0.000 0.000 0.003 0.015 0.044 0.126 0.164
p.wYear 2022.ID 113.Freshwater 0.838 0.066 0.719 0.739 0.795 0.833 0.875 0.970 0.993
p.wYear 2022.ID 113.Seagrass   0.129 0.059 0.000 0.001 0.096 0.138 0.170 0.212 0.223
