
#################################################################
# Summary Statistics
#################################################################

DIC = 365.723

                                Mean    SD  2.5%    5%   25%   50%   75%   95% 97.5%
Epsilon.1                      0.066 0.017 0.038 0.042 0.053 0.063 0.075 0.097 0.106
Epsilon.2                      0.194 0.036 0.134 0.142 0.169 0.190 0.214 0.258 0.275
Epsilon.3                      0.449 0.113 0.278 0.295 0.368 0.432 0.510 0.657 0.711
ID.SD                          2.474 0.462 1.744 1.820 2.144 2.419 2.746 3.299 3.567
p.wYear 2011.Estuarine         0.060 0.037 0.012 0.016 0.033 0.052 0.078 0.132 0.153
p.wYear 2012.Estuarine         0.015 0.023 0.001 0.001 0.004 0.008 0.017 0.049 0.067
p.wYear 2013.Estuarine         0.153 0.120 0.016 0.023 0.063 0.123 0.206 0.392 0.456
p.wYear 2014.Estuarine         0.025 0.027 0.002 0.003 0.008 0.016 0.032 0.073 0.098
p.wYear 2016.Estuarine         0.036 0.043 0.002 0.003 0.010 0.021 0.045 0.122 0.167
p.wYear 2017.Estuarine         0.059 0.058 0.004 0.006 0.020 0.041 0.079 0.173 0.216
p.wYear 2018.Estuarine         0.077 0.071 0.006 0.009 0.028 0.056 0.105 0.218 0.267
p.wYear 2019.Estuarine         0.057 0.074 0.002 0.003 0.012 0.031 0.072 0.201 0.262
p.wYear 2020.Estuarine         0.156 0.129 0.011 0.018 0.061 0.118 0.218 0.416 0.500
p.wYear 2021.Estuarine         0.036 0.052 0.001 0.002 0.007 0.018 0.043 0.135 0.192
p.wYear 2022.Estuarine         0.041 0.055 0.001 0.002 0.009 0.023 0.050 0.151 0.198
p.wYear 2011.Freshwater        0.929 0.042 0.821 0.847 0.907 0.939 0.961 0.980 0.985
p.wYear 2012.Freshwater        0.980 0.026 0.911 0.939 0.976 0.988 0.994 0.998 0.999
p.wYear 2013.Freshwater        0.818 0.129 0.498 0.562 0.751 0.845 0.917 0.969 0.977
p.wYear 2014.Freshwater        0.968 0.030 0.885 0.911 0.958 0.977 0.988 0.996 0.997
p.wYear 2016.Freshwater        0.959 0.045 0.823 0.866 0.948 0.974 0.988 0.996 0.998
p.wYear 2017.Freshwater        0.936 0.060 0.778 0.819 0.914 0.953 0.977 0.993 0.995
p.wYear 2018.Freshwater        0.916 0.074 0.718 0.769 0.885 0.937 0.968 0.989 0.993
p.wYear 2019.Freshwater        0.931 0.081 0.713 0.771 0.911 0.959 0.982 0.995 0.997
p.wYear 2020.Freshwater        0.821 0.137 0.469 0.541 0.750 0.858 0.924 0.977 0.984
p.wYear 2021.Freshwater        0.952 0.060 0.787 0.834 0.939 0.973 0.988 0.997 0.998
p.wYear 2022.Freshwater        0.941 0.069 0.751 0.806 0.924 0.964 0.984 0.995 0.997
p.wYear 2011.Seagrass          0.011 0.010 0.001 0.001 0.004 0.008 0.014 0.030 0.037
p.wYear 2012.Seagrass          0.005 0.009 0.000 0.000 0.001 0.002 0.006 0.019 0.028
p.wYear 2013.Seagrass          0.029 0.034 0.001 0.002 0.008 0.018 0.039 0.094 0.122
p.wYear 2014.Seagrass          0.007 0.009 0.000 0.000 0.002 0.004 0.009 0.025 0.033
p.wYear 2016.Seagrass          0.005 0.008 0.000 0.000 0.001 0.002 0.006 0.018 0.027
p.wYear 2017.Seagrass          0.005 0.007 0.000 0.000 0.001 0.003 0.006 0.017 0.023
p.wYear 2018.Seagrass          0.007 0.010 0.000 0.000 0.001 0.004 0.008 0.024 0.032
p.wYear 2019.Seagrass          0.012 0.022 0.000 0.000 0.002 0.005 0.013 0.046 0.067
p.wYear 2020.Seagrass          0.023 0.028 0.001 0.001 0.006 0.014 0.030 0.076 0.097
p.wYear 2021.Seagrass          0.012 0.021 0.000 0.000 0.001 0.004 0.013 0.048 0.069
p.wYear 2022.Seagrass          0.018 0.031 0.000 0.000 0.003 0.008 0.020 0.072 0.106
p.wYear 2011.ID 1.Estuarine    0.842 0.126 0.555 0.606 0.764 0.867 0.947 0.994 0.998
p.wYear 2011.ID 1.Freshwater   0.098 0.084 0.001 0.002 0.028 0.078 0.150 0.258 0.292
p.wYear 2011.ID 1.Seagrass     0.060 0.076 0.000 0.000 0.002 0.020 0.105 0.221 0.246
p.wYear 2011.ID 2.Estuarine    0.278 0.186 0.002 0.007 0.128 0.275 0.401 0.583 0.659
p.wYear 2011.ID 2.Freshwater   0.237 0.128 0.016 0.030 0.135 0.236 0.340 0.443 0.465
p.wYear 2011.ID 2.Seagrass     0.484 0.087 0.297 0.344 0.447 0.496 0.537 0.592 0.609
p.wYear 2011.ID 3.Estuarine    0.081 0.095 0.000 0.000 0.007 0.041 0.127 0.282 0.327
p.wYear 2011.ID 3.Freshwater   0.877 0.096 0.652 0.691 0.820 0.890 0.956 0.998 1.000
p.wYear 2011.ID 3.Seagrass     0.043 0.045 0.000 0.000 0.003 0.026 0.074 0.128 0.144
p.wYear 2011.ID 4.Estuarine    0.964 0.037 0.868 0.888 0.949 0.976 0.991 0.999 1.000
p.wYear 2011.ID 4.Freshwater   0.031 0.034 0.000 0.000 0.006 0.019 0.043 0.103 0.121
p.wYear 2011.ID 4.Seagrass     0.005 0.010 0.000 0.000 0.000 0.001 0.005 0.024 0.035
p.wYear 2011.ID 5.Estuarine    0.404 0.147 0.057 0.140 0.322 0.412 0.493 0.614 0.675
p.wYear 2011.ID 5.Freshwater   0.104 0.087 0.003 0.005 0.036 0.084 0.148 0.285 0.338
p.wYear 2011.ID 5.Seagrass     0.492 0.091 0.297 0.344 0.447 0.502 0.551 0.614 0.636
p.wYear 2011.ID 6.Estuarine    0.021 0.035 0.000 0.000 0.001 0.006 0.024 0.093 0.124
p.wYear 2011.ID 6.Freshwater   0.972 0.038 0.868 0.897 0.962 0.988 0.997 1.000 1.000
p.wYear 2011.ID 6.Seagrass     0.007 0.014 0.000 0.000 0.000 0.001 0.007 0.037 0.052
p.wYear 2011.ID 7.Estuarine    0.164 0.141 0.000 0.001 0.027 0.144 0.268 0.409 0.461
p.wYear 2011.ID 7.Freshwater   0.809 0.136 0.532 0.580 0.711 0.820 0.925 0.997 0.999
p.wYear 2011.ID 7.Seagrass     0.027 0.035 0.000 0.000 0.001 0.010 0.042 0.103 0.119
p.wYear 2011.ID 8.Estuarine    0.890 0.094 0.652 0.706 0.838 0.914 0.967 0.996 0.999
p.wYear 2011.ID 8.Freshwater   0.098 0.091 0.001 0.002 0.025 0.073 0.148 0.280 0.329
p.wYear 2011.ID 8.Seagrass     0.011 0.021 0.000 0.000 0.000 0.003 0.012 0.053 0.077
p.wYear 2011.ID 9.Estuarine    0.012 0.020 0.000 0.000 0.001 0.003 0.014 0.055 0.071
p.wYear 2011.ID 9.Freshwater   0.984 0.022 0.920 0.936 0.979 0.993 0.998 1.000 1.000
p.wYear 2011.ID 9.Seagrass     0.004 0.008 0.000 0.000 0.000 0.001 0.004 0.019 0.027
p.wYear 2011.ID 10.Estuarine   0.041 0.058 0.000 0.000 0.003 0.016 0.055 0.164 0.212
p.wYear 2011.ID 10.Freshwater  0.905 0.074 0.743 0.780 0.856 0.908 0.972 0.999 1.000
p.wYear 2011.ID 10.Seagrass    0.054 0.052 0.000 0.000 0.003 0.042 0.097 0.147 0.160
p.wYear 2011.ID 11.Estuarine   0.033 0.050 0.000 0.000 0.001 0.009 0.042 0.144 0.179
p.wYear 2011.ID 11.Freshwater  0.958 0.054 0.813 0.845 0.940 0.981 0.996 1.000 1.000
p.wYear 2011.ID 11.Seagrass    0.009 0.016 0.000 0.000 0.000 0.002 0.010 0.046 0.058
p.wYear 2011.ID 12.Estuarine   0.020 0.034 0.000 0.000 0.001 0.006 0.023 0.090 0.123
p.wYear 2011.ID 12.Freshwater  0.976 0.035 0.868 0.904 0.970 0.991 0.998 1.000 1.000
p.wYear 2011.ID 12.Seagrass    0.004 0.008 0.000 0.000 0.000 0.001 0.004 0.018 0.027
p.wYear 2012.ID 13.Estuarine   0.047 0.077 0.000 0.000 0.002 0.013 0.055 0.216 0.282
p.wYear 2012.ID 13.Freshwater  0.856 0.086 0.670 0.710 0.808 0.852 0.910 0.998 1.000
p.wYear 2012.ID 13.Seagrass    0.098 0.064 0.000 0.000 0.038 0.108 0.148 0.191 0.207
p.wYear 2012.ID 14.Estuarine   0.005 0.010 0.000 0.000 0.000 0.001 0.004 0.023 0.034
p.wYear 2012.ID 14.Freshwater  0.993 0.012 0.961 0.969 0.992 0.998 1.000 1.000 1.000
p.wYear 2012.ID 14.Seagrass    0.002 0.005 0.000 0.000 0.000 0.000 0.002 0.011 0.017
p.wYear 2012.ID 15.Estuarine   0.008 0.016 0.000 0.000 0.000 0.001 0.007 0.038 0.055
p.wYear 2012.ID 15.Freshwater  0.988 0.019 0.931 0.950 0.986 0.996 0.999 1.000 1.000
p.wYear 2012.ID 15.Seagrass    0.004 0.009 0.000 0.000 0.000 0.000 0.003 0.022 0.031
p.wYear 2012.ID 16.Estuarine   0.008 0.018 0.000 0.000 0.000 0.001 0.007 0.042 0.062
p.wYear 2012.ID 16.Freshwater  0.988 0.020 0.931 0.948 0.986 0.996 0.999 1.000 1.000
p.wYear 2012.ID 16.Seagrass    0.004 0.008 0.000 0.000 0.000 0.000 0.003 0.019 0.028
p.wYear 2012.ID 17.Estuarine   0.008 0.016 0.000 0.000 0.000 0.001 0.007 0.038 0.056
p.wYear 2012.ID 17.Freshwater  0.989 0.019 0.933 0.951 0.987 0.997 0.999 1.000 1.000
p.wYear 2012.ID 17.Seagrass    0.003 0.008 0.000 0.000 0.000 0.000 0.003 0.018 0.027
p.wYear 2012.ID 18.Estuarine   0.010 0.020 0.000 0.000 0.000 0.002 0.008 0.049 0.076
p.wYear 2012.ID 18.Freshwater  0.986 0.023 0.915 0.940 0.984 0.996 0.999 1.000 1.000
p.wYear 2012.ID 18.Seagrass    0.004 0.009 0.000 0.000 0.000 0.001 0.003 0.021 0.032
p.wYear 2012.ID 19.Estuarine   0.029 0.053 0.000 0.000 0.001 0.005 0.030 0.150 0.188
p.wYear 2012.ID 19.Freshwater  0.959 0.057 0.800 0.834 0.943 0.985 0.998 1.000 1.000
p.wYear 2012.ID 19.Seagrass    0.012 0.022 0.000 0.000 0.000 0.002 0.012 0.063 0.081
p.wYear 2013.ID 20.Estuarine   0.384 0.180 0.005 0.033 0.278 0.399 0.496 0.653 0.737
p.wYear 2013.ID 20.Freshwater  0.595 0.172 0.252 0.333 0.487 0.584 0.698 0.913 0.962
p.wYear 2013.ID 20.Seagrass    0.021 0.028 0.000 0.000 0.001 0.009 0.029 0.082 0.101
p.wYear 2013.ID 21.Estuarine   0.882 0.098 0.653 0.691 0.818 0.903 0.966 0.996 0.998
p.wYear 2013.ID 21.Freshwater  0.097 0.090 0.001 0.002 0.021 0.072 0.153 0.279 0.311
p.wYear 2013.ID 21.Seagrass    0.021 0.035 0.000 0.000 0.001 0.005 0.026 0.101 0.131
p.wYear 2013.ID 22.Estuarine   0.267 0.164 0.003 0.012 0.139 0.271 0.380 0.521 0.568
p.wYear 2013.ID 22.Freshwater  0.177 0.112 0.005 0.012 0.083 0.168 0.261 0.371 0.395
p.wYear 2013.ID 22.Seagrass    0.556 0.083 0.377 0.424 0.517 0.565 0.607 0.665 0.690
p.wYear 2013.ID 23.Estuarine   0.869 0.106 0.622 0.662 0.804 0.892 0.958 0.995 0.998
p.wYear 2013.ID 23.Freshwater  0.095 0.086 0.001 0.002 0.023 0.073 0.147 0.266 0.304
p.wYear 2013.ID 23.Seagrass    0.036 0.051 0.000 0.000 0.001 0.011 0.052 0.149 0.176
p.wYear 2013.ID 24.Estuarine   0.434 0.180 0.031 0.097 0.331 0.444 0.541 0.719 0.789
p.wYear 2013.ID 24.Freshwater  0.519 0.155 0.192 0.267 0.431 0.519 0.613 0.787 0.836
p.wYear 2013.ID 24.Seagrass    0.047 0.051 0.000 0.000 0.004 0.026 0.080 0.148 0.167
p.wYear 2013.ID 25.Estuarine   0.060 0.073 0.000 0.000 0.005 0.029 0.090 0.217 0.255
p.wYear 2013.ID 25.Freshwater  0.908 0.079 0.724 0.755 0.864 0.921 0.975 0.999 1.000
p.wYear 2013.ID 25.Seagrass    0.032 0.037 0.000 0.000 0.001 0.016 0.054 0.109 0.123
p.wYear 2013.ID 26.Estuarine   0.069 0.090 0.000 0.001 0.010 0.037 0.100 0.237 0.288
p.wYear 2013.ID 26.Freshwater  0.685 0.074 0.518 0.557 0.650 0.694 0.732 0.783 0.797
p.wYear 2013.ID 26.Seagrass    0.246 0.049 0.140 0.165 0.219 0.249 0.278 0.318 0.333
p.wYear 2013.ID 27.Estuarine   0.018 0.028 0.000 0.000 0.001 0.006 0.022 0.077 0.103
p.wYear 2013.ID 27.Freshwater  0.977 0.031 0.887 0.910 0.969 0.989 0.997 1.000 1.000
p.wYear 2013.ID 27.Seagrass    0.006 0.010 0.000 0.000 0.000 0.001 0.006 0.027 0.036
p.wYear 2013.ID 28.Estuarine   0.164 0.147 0.001 0.002 0.032 0.131 0.264 0.437 0.505
p.wYear 2013.ID 28.Freshwater  0.738 0.119 0.478 0.525 0.662 0.754 0.826 0.901 0.935
p.wYear 2013.ID 28.Seagrass    0.098 0.062 0.000 0.001 0.048 0.104 0.147 0.192 0.210
p.wYear 2013.ID 29.Estuarine   0.058 0.074 0.000 0.000 0.005 0.027 0.088 0.217 0.254
p.wYear 2013.ID 29.Freshwater  0.908 0.080 0.724 0.761 0.864 0.923 0.975 0.999 1.000
p.wYear 2013.ID 29.Seagrass    0.034 0.040 0.000 0.000 0.002 0.016 0.057 0.116 0.130
p.wYear 2013.ID 30.Estuarine   0.214 0.151 0.000 0.001 0.083 0.213 0.324 0.466 0.518
p.wYear 2013.ID 30.Freshwater  0.758 0.143 0.471 0.524 0.659 0.760 0.869 0.986 0.998
p.wYear 2013.ID 30.Seagrass    0.028 0.034 0.000 0.000 0.002 0.013 0.046 0.099 0.116
p.wYear 2014.ID 31.Estuarine   0.035 0.060 0.000 0.000 0.001 0.008 0.041 0.167 0.214
p.wYear 2014.ID 31.Freshwater  0.952 0.064 0.770 0.822 0.929 0.978 0.997 1.000 1.000
p.wYear 2014.ID 31.Seagrass    0.013 0.022 0.000 0.000 0.000 0.002 0.016 0.062 0.081
p.wYear 2014.ID 32.Estuarine   0.032 0.057 0.000 0.000 0.001 0.007 0.038 0.152 0.215
p.wYear 2014.ID 32.Freshwater  0.961 0.058 0.779 0.842 0.950 0.986 0.998 1.000 1.000
p.wYear 2014.ID 32.Seagrass    0.007 0.013 0.000 0.000 0.000 0.001 0.007 0.034 0.046
p.wYear 2014.ID 33.Estuarine   0.034 0.060 0.000 0.000 0.001 0.007 0.036 0.171 0.218
p.wYear 2014.ID 33.Freshwater  0.960 0.062 0.772 0.820 0.953 0.987 0.998 1.000 1.000
p.wYear 2014.ID 33.Seagrass    0.006 0.011 0.000 0.000 0.000 0.001 0.006 0.028 0.039
p.wYear 2014.ID 34.Estuarine   0.015 0.029 0.000 0.000 0.000 0.003 0.015 0.075 0.102
p.wYear 2014.ID 34.Freshwater  0.980 0.032 0.888 0.914 0.974 0.994 0.999 1.000 1.000
p.wYear 2014.ID 34.Seagrass    0.005 0.011 0.000 0.000 0.000 0.001 0.004 0.027 0.039
p.wYear 2014.ID 35.Estuarine   0.016 0.031 0.000 0.000 0.000 0.003 0.016 0.080 0.111
p.wYear 2014.ID 35.Freshwater  0.979 0.033 0.881 0.912 0.974 0.993 0.999 1.000 1.000
p.wYear 2014.ID 35.Seagrass    0.005 0.010 0.000 0.000 0.000 0.001 0.004 0.024 0.035
p.wYear 2014.ID 41.Estuarine   0.021 0.038 0.000 0.000 0.001 0.004 0.022 0.106 0.143
p.wYear 2014.ID 41.Freshwater  0.973 0.041 0.850 0.885 0.965 0.990 0.998 1.000 1.000
p.wYear 2014.ID 41.Seagrass    0.007 0.013 0.000 0.000 0.000 0.001 0.006 0.034 0.046
p.wYear 2014.ID 42.Estuarine   0.173 0.134 0.000 0.002 0.042 0.165 0.281 0.396 0.431
p.wYear 2014.ID 42.Freshwater  0.158 0.095 0.005 0.014 0.074 0.156 0.238 0.310 0.326
p.wYear 2014.ID 42.Seagrass    0.669 0.070 0.524 0.552 0.625 0.671 0.714 0.778 0.797
p.wYear 2014.ID 43.Estuarine   0.022 0.039 0.000 0.000 0.001 0.004 0.022 0.110 0.146
p.wYear 2014.ID 43.Freshwater  0.972 0.042 0.846 0.879 0.964 0.990 0.998 1.000 1.000
p.wYear 2014.ID 43.Seagrass    0.007 0.012 0.000 0.000 0.000 0.001 0.007 0.034 0.045
p.wYear 2014.ID 44.Estuarine   0.020 0.036 0.000 0.000 0.001 0.005 0.023 0.100 0.130
p.wYear 2014.ID 44.Freshwater  0.962 0.047 0.839 0.867 0.942 0.981 0.997 1.000 1.000
p.wYear 2014.ID 44.Seagrass    0.018 0.028 0.000 0.000 0.000 0.003 0.023 0.082 0.101
p.wYear 2014.ID 45.Estuarine   0.031 0.051 0.000 0.000 0.001 0.007 0.041 0.141 0.180
p.wYear 2014.ID 45.Freshwater  0.950 0.059 0.799 0.833 0.920 0.973 0.996 1.000 1.000
p.wYear 2014.ID 45.Seagrass    0.018 0.028 0.000 0.000 0.000 0.004 0.026 0.082 0.102
p.wYear 2014.ID 46.Estuarine   0.026 0.046 0.000 0.000 0.001 0.006 0.030 0.124 0.164
p.wYear 2014.ID 46.Freshwater  0.959 0.053 0.811 0.852 0.940 0.982 0.997 1.000 1.000
p.wYear 2014.ID 46.Seagrass    0.015 0.024 0.000 0.000 0.000 0.002 0.018 0.071 0.087
p.wYear 2014.ID 47.Estuarine   0.052 0.077 0.000 0.000 0.002 0.014 0.074 0.220 0.271
p.wYear 2014.ID 47.Freshwater  0.923 0.081 0.716 0.761 0.881 0.946 0.991 1.000 1.000
p.wYear 2014.ID 47.Seagrass    0.025 0.034 0.000 0.000 0.001 0.006 0.040 0.098 0.112
p.wYear 2014.ID 48.Estuarine   0.014 0.026 0.000 0.000 0.000 0.003 0.015 0.067 0.095
p.wYear 2014.ID 48.Freshwater  0.981 0.028 0.897 0.922 0.976 0.993 0.999 1.000 1.000
p.wYear 2014.ID 48.Seagrass    0.005 0.011 0.000 0.000 0.000 0.001 0.005 0.026 0.036
p.wYear 2014.ID 49.Estuarine   0.084 0.102 0.000 0.000 0.004 0.037 0.136 0.294 0.347
p.wYear 2014.ID 49.Freshwater  0.872 0.102 0.638 0.683 0.810 0.888 0.956 0.999 1.000
p.wYear 2014.ID 49.Seagrass    0.044 0.046 0.000 0.000 0.002 0.027 0.079 0.131 0.148
p.wYear 2014.ID 50.Estuarine   0.022 0.041 0.000 0.000 0.001 0.004 0.022 0.116 0.153
p.wYear 2014.ID 50.Freshwater  0.969 0.045 0.837 0.873 0.958 0.988 0.998 1.000 1.000
p.wYear 2014.ID 50.Seagrass    0.009 0.017 0.000 0.000 0.000 0.001 0.009 0.046 0.061
p.wYear 2014.ID 51.Estuarine   0.767 0.142 0.472 0.534 0.672 0.776 0.875 0.980 0.992
p.wYear 2014.ID 51.Freshwater  0.206 0.129 0.004 0.012 0.102 0.200 0.298 0.420 0.467
p.wYear 2014.ID 51.Seagrass    0.027 0.041 0.000 0.000 0.001 0.008 0.038 0.120 0.145
p.wYear 2014.ID 52.Estuarine   0.258 0.178 0.001 0.002 0.097 0.269 0.387 0.544 0.601
p.wYear 2014.ID 52.Freshwater  0.684 0.151 0.389 0.436 0.582 0.679 0.802 0.915 0.961
p.wYear 2014.ID 52.Seagrass    0.058 0.056 0.000 0.000 0.005 0.045 0.100 0.161 0.177
p.wYear 2016.ID 53.Estuarine   0.022 0.040 0.000 0.000 0.001 0.005 0.025 0.103 0.146
p.wYear 2016.ID 53.Freshwater  0.974 0.042 0.849 0.889 0.968 0.991 0.999 1.000 1.000
p.wYear 2016.ID 53.Seagrass    0.004 0.009 0.000 0.000 0.000 0.001 0.003 0.019 0.030
p.wYear 2016.ID 54.Estuarine   0.015 0.029 0.000 0.000 0.000 0.003 0.015 0.075 0.102
p.wYear 2016.ID 54.Freshwater  0.982 0.030 0.894 0.919 0.980 0.995 0.999 1.000 1.000
p.wYear 2016.ID 54.Seagrass    0.003 0.006 0.000 0.000 0.000 0.000 0.002 0.014 0.020
p.wYear 2016.ID 55.Estuarine   0.038 0.060 0.000 0.000 0.001 0.009 0.049 0.173 0.215
p.wYear 2016.ID 55.Freshwater  0.946 0.066 0.770 0.804 0.917 0.973 0.996 1.000 1.000
p.wYear 2016.ID 55.Seagrass    0.016 0.028 0.000 0.000 0.000 0.002 0.019 0.081 0.101
p.wYear 2016.ID 56.Estuarine   0.888 0.092 0.668 0.710 0.836 0.909 0.964 0.996 0.998
p.wYear 2016.ID 56.Freshwater  0.097 0.085 0.001 0.003 0.027 0.076 0.145 0.267 0.302
p.wYear 2016.ID 56.Seagrass    0.015 0.030 0.000 0.000 0.000 0.003 0.015 0.077 0.107
p.wYear 2016.ID 57.Estuarine   0.016 0.030 0.000 0.000 0.000 0.003 0.018 0.079 0.107
p.wYear 2016.ID 57.Freshwater  0.980 0.031 0.888 0.914 0.976 0.993 0.999 1.000 1.000
p.wYear 2016.ID 57.Seagrass    0.003 0.007 0.000 0.000 0.000 0.000 0.003 0.016 0.025
p.wYear 2016.ID 58.Estuarine   0.036 0.055 0.000 0.000 0.001 0.009 0.047 0.157 0.200
p.wYear 2016.ID 58.Freshwater  0.954 0.058 0.789 0.828 0.930 0.978 0.997 1.000 1.000
p.wYear 2016.ID 58.Seagrass    0.010 0.020 0.000 0.000 0.000 0.001 0.010 0.054 0.073
p.wYear 2016.ID 59.Estuarine   0.026 0.046 0.000 0.000 0.001 0.006 0.030 0.125 0.161
p.wYear 2016.ID 59.Freshwater  0.968 0.048 0.827 0.864 0.959 0.989 0.998 1.000 1.000
p.wYear 2016.ID 59.Seagrass    0.006 0.013 0.000 0.000 0.000 0.001 0.005 0.031 0.044
p.wYear 2016.ID 60.Estuarine   0.028 0.047 0.000 0.000 0.001 0.006 0.033 0.132 0.169
p.wYear 2016.ID 60.Freshwater  0.966 0.049 0.820 0.860 0.955 0.987 0.998 1.000 1.000
p.wYear 2016.ID 60.Seagrass    0.006 0.012 0.000 0.000 0.000 0.001 0.005 0.032 0.042
p.wYear 2017.ID 61.Estuarine   0.088 0.102 0.000 0.000 0.005 0.043 0.150 0.295 0.346
p.wYear 2017.ID 61.Freshwater  0.902 0.103 0.648 0.696 0.837 0.941 0.989 1.000 1.000
p.wYear 2017.ID 61.Seagrass    0.010 0.018 0.000 0.000 0.000 0.002 0.009 0.050 0.067
p.wYear 2017.ID 62.Estuarine   0.113 0.118 0.000 0.000 0.007 0.073 0.195 0.342 0.389
p.wYear 2017.ID 62.Freshwater  0.876 0.118 0.606 0.651 0.795 0.906 0.983 1.000 1.000
p.wYear 2017.ID 62.Seagrass    0.011 0.021 0.000 0.000 0.000 0.002 0.013 0.058 0.079
p.wYear 2017.ID 63.Estuarine   0.046 0.065 0.000 0.000 0.002 0.015 0.066 0.188 0.234
p.wYear 2017.ID 63.Freshwater  0.945 0.068 0.759 0.802 0.916 0.972 0.996 1.000 1.000
p.wYear 2017.ID 63.Seagrass    0.010 0.019 0.000 0.000 0.000 0.001 0.009 0.053 0.071
p.wYear 2017.ID 64.Estuarine   0.050 0.071 0.000 0.000 0.002 0.016 0.071 0.204 0.248
p.wYear 2017.ID 64.Freshwater  0.941 0.073 0.738 0.784 0.911 0.971 0.995 1.000 1.000
p.wYear 2017.ID 64.Seagrass    0.009 0.017 0.000 0.000 0.000 0.001 0.008 0.048 0.061
p.wYear 2017.ID 65.Estuarine   0.035 0.054 0.000 0.000 0.001 0.009 0.043 0.153 0.199
p.wYear 2017.ID 65.Freshwater  0.960 0.056 0.798 0.840 0.946 0.985 0.997 1.000 1.000
p.wYear 2017.ID 65.Seagrass    0.005 0.011 0.000 0.000 0.000 0.001 0.004 0.027 0.041
p.wYear 2017.ID 66.Estuarine   0.022 0.036 0.000 0.000 0.001 0.006 0.028 0.103 0.129
p.wYear 2017.ID 66.Freshwater  0.974 0.038 0.865 0.893 0.965 0.989 0.998 1.000 1.000
p.wYear 2017.ID 66.Seagrass    0.004 0.008 0.000 0.000 0.000 0.001 0.003 0.021 0.031
p.wYear 2017.ID 67.Estuarine   0.907 0.082 0.712 0.745 0.861 0.928 0.973 0.997 0.999
p.wYear 2017.ID 67.Freshwater  0.084 0.078 0.001 0.002 0.020 0.063 0.129 0.242 0.275
p.wYear 2017.ID 67.Seagrass    0.009 0.019 0.000 0.000 0.000 0.002 0.009 0.050 0.069
p.wYear 2017.ID 68.Estuarine   0.854 0.114 0.603 0.645 0.781 0.873 0.951 0.995 0.998
p.wYear 2017.ID 68.Freshwater  0.137 0.111 0.001 0.004 0.043 0.118 0.208 0.345 0.389
p.wYear 2017.ID 68.Seagrass    0.008 0.016 0.000 0.000 0.000 0.002 0.008 0.040 0.060
p.wYear 2017.ID 69.Estuarine   0.769 0.172 0.417 0.472 0.639 0.796 0.921 0.991 0.997
p.wYear 2017.ID 69.Freshwater  0.123 0.097 0.002 0.004 0.041 0.104 0.185 0.298 0.329
p.wYear 2017.ID 69.Seagrass    0.108 0.110 0.000 0.000 0.002 0.073 0.201 0.304 0.324
p.wYear 2017.ID 70.Estuarine   0.036 0.053 0.000 0.000 0.002 0.012 0.048 0.152 0.193
p.wYear 2017.ID 70.Freshwater  0.947 0.061 0.786 0.823 0.919 0.970 0.995 1.000 1.000
p.wYear 2017.ID 70.Seagrass    0.016 0.028 0.000 0.000 0.000 0.002 0.021 0.079 0.097
p.wYear 2017.ID 71.Estuarine   0.018 0.030 0.000 0.000 0.001 0.005 0.020 0.081 0.108
p.wYear 2017.ID 71.Freshwater  0.978 0.032 0.881 0.911 0.972 0.991 0.998 1.000 1.000
p.wYear 2017.ID 71.Seagrass    0.004 0.009 0.000 0.000 0.000 0.001 0.003 0.023 0.033
p.wYear 2017.ID 72.Estuarine   0.017 0.028 0.000 0.000 0.001 0.005 0.020 0.075 0.098
p.wYear 2017.ID 72.Freshwater  0.979 0.031 0.894 0.918 0.973 0.992 0.998 1.000 1.000
p.wYear 2017.ID 72.Seagrass    0.004 0.009 0.000 0.000 0.000 0.001 0.003 0.022 0.033
p.wYear 2017.ID 73.Estuarine   0.034 0.054 0.000 0.000 0.001 0.010 0.044 0.146 0.188
p.wYear 2017.ID 73.Freshwater  0.960 0.056 0.808 0.848 0.943 0.984 0.997 1.000 1.000
p.wYear 2017.ID 73.Seagrass    0.006 0.013 0.000 0.000 0.000 0.001 0.005 0.033 0.047
p.wYear 2017.ID 74.Estuarine   0.023 0.037 0.000 0.000 0.001 0.006 0.027 0.103 0.135
p.wYear 2017.ID 74.Freshwater  0.969 0.041 0.852 0.880 0.956 0.987 0.998 1.000 1.000
p.wYear 2017.ID 74.Seagrass    0.008 0.016 0.000 0.000 0.000 0.001 0.007 0.042 0.057
p.wYear 2018.ID 75.Estuarine   0.894 0.092 0.671 0.716 0.840 0.918 0.970 0.997 0.999
p.wYear 2018.ID 75.Freshwater  0.094 0.087 0.001 0.002 0.023 0.069 0.144 0.267 0.307
p.wYear 2018.ID 75.Seagrass    0.012 0.023 0.000 0.000 0.000 0.002 0.011 0.062 0.087
p.wYear 2018.ID 76.Estuarine   0.388 0.187 0.006 0.028 0.278 0.404 0.504 0.670 0.750
p.wYear 2018.ID 76.Freshwater  0.588 0.173 0.240 0.321 0.483 0.577 0.691 0.899 0.952
p.wYear 2018.ID 76.Seagrass    0.024 0.036 0.000 0.000 0.001 0.006 0.034 0.105 0.124
p.wYear 2018.ID 77.Estuarine   0.017 0.028 0.000 0.000 0.001 0.005 0.019 0.074 0.100
p.wYear 2018.ID 77.Freshwater  0.979 0.030 0.892 0.916 0.973 0.992 0.998 1.000 1.000
p.wYear 2018.ID 77.Seagrass    0.004 0.010 0.000 0.000 0.000 0.001 0.004 0.022 0.032
p.wYear 2018.ID 78.Estuarine   0.052 0.074 0.000 0.000 0.002 0.018 0.074 0.211 0.260
p.wYear 2018.ID 78.Freshwater  0.939 0.076 0.736 0.780 0.913 0.970 0.995 1.000 1.000
p.wYear 2018.ID 78.Seagrass    0.009 0.017 0.000 0.000 0.000 0.001 0.009 0.048 0.063
p.wYear 2018.ID 79.Estuarine   0.034 0.052 0.000 0.000 0.002 0.010 0.046 0.148 0.186
p.wYear 2018.ID 79.Freshwater  0.955 0.056 0.803 0.838 0.931 0.978 0.996 1.000 1.000
p.wYear 2018.ID 79.Seagrass    0.011 0.020 0.000 0.000 0.000 0.001 0.010 0.057 0.075
p.wYear 2018.ID 80.Estuarine   0.064 0.082 0.000 0.000 0.003 0.026 0.099 0.241 0.282
p.wYear 2018.ID 80.Freshwater  0.918 0.085 0.705 0.743 0.872 0.946 0.989 1.000 1.000
p.wYear 2018.ID 80.Seagrass    0.018 0.029 0.000 0.000 0.000 0.003 0.024 0.084 0.106
p.wYear 2018.ID 81.Estuarine   0.036 0.053 0.000 0.000 0.002 0.013 0.050 0.149 0.191
p.wYear 2018.ID 81.Freshwater  0.954 0.058 0.795 0.835 0.930 0.976 0.996 1.000 1.000
p.wYear 2018.ID 81.Seagrass    0.010 0.019 0.000 0.000 0.000 0.001 0.010 0.053 0.068
p.wYear 2018.ID 82.Estuarine   0.342 0.207 0.003 0.009 0.184 0.351 0.484 0.674 0.758
p.wYear 2018.ID 82.Freshwater  0.586 0.165 0.226 0.310 0.484 0.586 0.701 0.836 0.872
p.wYear 2018.ID 82.Seagrass    0.073 0.068 0.000 0.000 0.005 0.060 0.128 0.193 0.211
p.wYear 2018.ID 83.Estuarine   0.038 0.055 0.000 0.000 0.002 0.012 0.052 0.155 0.198
p.wYear 2018.ID 83.Freshwater  0.952 0.059 0.791 0.826 0.929 0.977 0.996 1.000 1.000
p.wYear 2018.ID 83.Seagrass    0.010 0.019 0.000 0.000 0.000 0.001 0.009 0.053 0.072
p.wYear 2018.ID 84.Estuarine   0.583 0.168 0.218 0.319 0.484 0.577 0.683 0.877 0.946
p.wYear 2018.ID 84.Freshwater  0.390 0.152 0.047 0.115 0.297 0.398 0.485 0.627 0.691
p.wYear 2018.ID 84.Seagrass    0.027 0.040 0.000 0.000 0.001 0.007 0.039 0.115 0.140
p.wYear 2018.ID 85.Estuarine   0.056 0.073 0.000 0.000 0.003 0.022 0.086 0.216 0.258
p.wYear 2018.ID 85.Freshwater  0.932 0.076 0.733 0.773 0.894 0.962 0.993 1.000 1.000
p.wYear 2018.ID 85.Seagrass    0.011 0.020 0.000 0.000 0.000 0.002 0.012 0.059 0.075
p.wYear 2018.ID 86.Estuarine   0.408 0.183 0.008 0.039 0.303 0.420 0.518 0.688 0.776
p.wYear 2018.ID 86.Freshwater  0.574 0.175 0.220 0.300 0.468 0.567 0.675 0.898 0.965
p.wYear 2018.ID 86.Seagrass    0.019 0.029 0.000 0.000 0.001 0.005 0.024 0.082 0.104
p.wYear 2018.ID 87.Estuarine   0.055 0.074 0.000 0.000 0.003 0.021 0.084 0.221 0.259
p.wYear 2018.ID 87.Freshwater  0.937 0.076 0.736 0.772 0.903 0.968 0.994 1.000 1.000
p.wYear 2018.ID 87.Seagrass    0.008 0.015 0.000 0.000 0.000 0.001 0.008 0.040 0.054
p.wYear 2018.ID 88.Estuarine   0.123 0.137 0.000 0.000 0.008 0.069 0.207 0.401 0.456
p.wYear 2018.ID 88.Freshwater  0.867 0.137 0.532 0.595 0.782 0.917 0.983 1.000 1.000
p.wYear 2018.ID 88.Seagrass    0.010 0.018 0.000 0.000 0.000 0.002 0.010 0.050 0.065
p.wYear 2019.ID 89.Estuarine   0.123 0.129 0.000 0.000 0.011 0.076 0.206 0.381 0.425
p.wYear 2019.ID 89.Freshwater  0.824 0.121 0.559 0.599 0.748 0.840 0.911 0.997 1.000
p.wYear 2019.ID 89.Seagrass    0.053 0.052 0.000 0.000 0.003 0.042 0.092 0.150 0.169
p.wYear 2019.ID 90.Estuarine   0.028 0.046 0.000 0.000 0.001 0.006 0.034 0.130 0.166
p.wYear 2019.ID 90.Freshwater  0.965 0.048 0.823 0.862 0.951 0.986 0.997 1.000 1.000
p.wYear 2019.ID 90.Seagrass    0.008 0.015 0.000 0.000 0.000 0.001 0.008 0.039 0.051
p.wYear 2019.ID 91.Estuarine   0.072 0.098 0.000 0.000 0.002 0.024 0.110 0.282 0.331
p.wYear 2019.ID 91.Freshwater  0.913 0.100 0.656 0.706 0.867 0.948 0.991 1.000 1.000
p.wYear 2019.ID 91.Seagrass    0.015 0.025 0.000 0.000 0.000 0.003 0.020 0.072 0.087
p.wYear 2019.ID 92.Estuarine   0.074 0.092 0.000 0.000 0.003 0.032 0.119 0.265 0.312
p.wYear 2019.ID 92.Freshwater  0.914 0.093 0.679 0.720 0.866 0.947 0.991 1.000 1.000
p.wYear 2019.ID 92.Seagrass    0.012 0.021 0.000 0.000 0.000 0.003 0.015 0.059 0.075
p.wYear 2020.ID 93.Estuarine   0.050 0.066 0.000 0.000 0.003 0.020 0.077 0.190 0.231
p.wYear 2020.ID 93.Freshwater  0.939 0.068 0.758 0.799 0.907 0.963 0.993 1.000 1.000
p.wYear 2020.ID 93.Seagrass    0.010 0.018 0.000 0.000 0.000 0.003 0.013 0.049 0.063
p.wYear 2020.ID 94.Estuarine   0.054 0.071 0.000 0.000 0.003 0.022 0.080 0.206 0.246
p.wYear 2020.ID 94.Freshwater  0.938 0.073 0.744 0.789 0.907 0.965 0.992 1.000 1.000
p.wYear 2020.ID 94.Seagrass    0.009 0.015 0.000 0.000 0.000 0.002 0.010 0.043 0.056
p.wYear 2020.ID 95.Estuarine   0.814 0.132 0.530 0.582 0.722 0.825 0.926 0.993 0.997
p.wYear 2020.ID 95.Freshwater  0.172 0.129 0.001 0.004 0.059 0.159 0.260 0.400 0.449
p.wYear 2020.ID 95.Seagrass    0.015 0.024 0.000 0.000 0.001 0.004 0.017 0.069 0.087
p.wYear 2020.ID 96.Estuarine   0.098 0.108 0.000 0.000 0.011 0.056 0.157 0.317 0.365
p.wYear 2020.ID 96.Freshwater  0.848 0.104 0.621 0.661 0.787 0.859 0.925 0.996 0.999
p.wYear 2020.ID 96.Seagrass    0.054 0.051 0.000 0.000 0.006 0.044 0.092 0.148 0.162
p.wYear 2020.ID 97.Estuarine   0.050 0.067 0.000 0.000 0.003 0.020 0.074 0.191 0.235
p.wYear 2020.ID 97.Freshwater  0.941 0.069 0.755 0.796 0.912 0.967 0.993 1.000 1.000
p.wYear 2020.ID 97.Seagrass    0.009 0.015 0.000 0.000 0.000 0.002 0.011 0.040 0.055
p.wYear 2020.ID 98.Estuarine   0.104 0.107 0.000 0.000 0.012 0.070 0.172 0.316 0.360
p.wYear 2020.ID 98.Freshwater  0.873 0.107 0.624 0.668 0.806 0.895 0.965 0.999 1.000
p.wYear 2020.ID 98.Seagrass    0.022 0.031 0.000 0.000 0.001 0.008 0.034 0.089 0.105
p.wYear 2020.ID 99.Estuarine   0.611 0.160 0.334 0.383 0.509 0.593 0.689 0.958 0.987
p.wYear 2020.ID 99.Freshwater  0.078 0.070 0.001 0.003 0.021 0.059 0.116 0.214 0.246
p.wYear 2020.ID 99.Seagrass    0.311 0.126 0.000 0.005 0.260 0.339 0.399 0.466 0.489
p.wYear 2020.ID 100.Estuarine  0.943 0.060 0.780 0.818 0.919 0.963 0.987 0.998 0.999
p.wYear 2020.ID 100.Freshwater 0.050 0.058 0.000 0.001 0.008 0.029 0.072 0.175 0.209
p.wYear 2020.ID 100.Seagrass   0.007 0.013 0.000 0.000 0.000 0.002 0.007 0.030 0.043
p.wYear 2020.ID 101.Estuarine  0.276 0.168 0.003 0.012 0.147 0.273 0.395 0.547 0.590
p.wYear 2020.ID 101.Freshwater 0.217 0.119 0.010 0.026 0.124 0.214 0.306 0.416 0.440
p.wYear 2020.ID 101.Seagrass   0.507 0.078 0.338 0.382 0.467 0.514 0.557 0.613 0.633
p.wYear 2020.ID 102.Estuarine  0.082 0.094 0.000 0.000 0.007 0.042 0.133 0.277 0.312
p.wYear 2020.ID 102.Freshwater 0.894 0.095 0.668 0.709 0.837 0.916 0.975 0.999 1.000
p.wYear 2020.ID 102.Seagrass   0.024 0.032 0.000 0.000 0.001 0.008 0.038 0.095 0.114
p.wYear 2021.ID 103.Estuarine  0.031 0.050 0.000 0.000 0.001 0.008 0.037 0.142 0.185
p.wYear 2021.ID 103.Freshwater 0.929 0.066 0.778 0.806 0.887 0.942 0.989 1.000 1.000
p.wYear 2021.ID 103.Seagrass   0.040 0.045 0.000 0.000 0.001 0.020 0.073 0.127 0.141
p.wYear 2021.ID 104.Estuarine  0.013 0.026 0.000 0.000 0.000 0.003 0.013 0.066 0.089
p.wYear 2021.ID 104.Freshwater 0.982 0.028 0.901 0.925 0.977 0.993 0.999 1.000 1.000
p.wYear 2021.ID 104.Seagrass   0.005 0.010 0.000 0.000 0.000 0.001 0.005 0.026 0.036
p.wYear 2021.ID 105.Estuarine  0.022 0.039 0.000 0.000 0.001 0.005 0.024 0.106 0.144
p.wYear 2021.ID 105.Freshwater 0.950 0.055 0.811 0.841 0.919 0.970 0.996 1.000 1.000
p.wYear 2021.ID 105.Seagrass   0.028 0.038 0.000 0.000 0.000 0.007 0.048 0.110 0.125
p.wYear 2021.ID 106.Estuarine  0.032 0.054 0.000 0.000 0.001 0.007 0.039 0.151 0.186
p.wYear 2021.ID 106.Freshwater 0.956 0.057 0.800 0.835 0.937 0.980 0.997 1.000 1.000
p.wYear 2021.ID 106.Seagrass   0.011 0.019 0.000 0.000 0.000 0.002 0.014 0.054 0.069
p.wYear 2022.ID 107.Estuarine  0.026 0.043 0.000 0.000 0.001 0.006 0.031 0.120 0.162
p.wYear 2022.ID 107.Freshwater 0.959 0.050 0.826 0.852 0.938 0.978 0.996 1.000 1.000
p.wYear 2022.ID 107.Seagrass   0.015 0.024 0.000 0.000 0.000 0.003 0.021 0.070 0.088
p.wYear 2022.ID 111.Estuarine  0.017 0.032 0.000 0.000 0.001 0.004 0.018 0.083 0.115
p.wYear 2022.ID 111.Freshwater 0.972 0.038 0.867 0.892 0.961 0.986 0.997 1.000 1.000
p.wYear 2022.ID 111.Seagrass   0.011 0.019 0.000 0.000 0.000 0.002 0.014 0.052 0.068
p.wYear 2022.ID 112.Estuarine  0.063 0.085 0.000 0.000 0.003 0.021 0.096 0.251 0.288
p.wYear 2022.ID 112.Freshwater 0.899 0.090 0.683 0.727 0.846 0.916 0.978 0.999 1.000
p.wYear 2022.ID 112.Seagrass   0.038 0.043 0.000 0.000 0.001 0.020 0.066 0.126 0.141
p.wYear 2022.ID 113.Estuarine  0.027 0.046 0.000 0.000 0.002 0.010 0.033 0.113 0.147
p.wYear 2022.ID 113.Freshwater 0.838 0.070 0.719 0.739 0.795 0.832 0.873 0.987 0.998
p.wYear 2022.ID 113.Seagrass   0.135 0.061 0.000 0.001 0.103 0.145 0.176 0.221 0.235
