
################################################################################
# Gelman-Rubin Diagnostic
################################################################################

Generally the Gelman diagnostic should be < 1.05


Out of 404 variables: 208 > 1.01

                      
71 > 1.05

                      
36 > 1.1


The worst variables are:

                Point est. Upper C.I.
p.fac1[1,3]       1.889291   6.615710
p.global[3]       1.889291   6.615710
ilr.global[2]     1.780871   5.057581
ilr.fac2[108,1]   1.703285   3.326017
ilr.fac1[9,2]     1.692668   2.702735
ilr.fac2[26,2]    1.616948   2.540303
ilr.fac2[5,2]     1.610896   2.810712
ilr.fac2[2,2]     1.597720   3.157752
ilr.fac2[22,2]    1.514446   2.298256
p.fac1[3,3]       1.426987   3.449390


And here are the Gelman diagnostics for all variables:

                Point est. Upper C.I.
deviance         1.0053201  1.0090696
fac2.sig         1.0987318  1.1830145
ilr.fac1[1,1]          NaN        NaN
ilr.fac1[1,2]          NaN        NaN
ilr.fac1[10,1]   1.0536822  1.1354881
ilr.fac1[10,2]   1.0197044  1.0698275
ilr.fac1[11,1]   1.0883237  1.2705629
ilr.fac1[11,2]   1.0391698  1.0882318
ilr.fac1[2,1]    1.0069303  1.0267588
ilr.fac1[2,2]    1.0096271  1.0363116
ilr.fac1[3,1]    1.0393331  1.0636409
ilr.fac1[3,2]    1.0500960  1.0598655
ilr.fac1[4,1]    1.0196817  1.0592898
ilr.fac1[4,2]    1.1711118  1.4960254
ilr.fac1[5,1]    1.0128076  1.0343303
ilr.fac1[5,2]    1.0276561  1.0864783
ilr.fac1[6,1]    1.1072414  1.3198649
ilr.fac1[6,2]    1.0638968  1.2089347
ilr.fac1[7,1]    1.0173159  1.0201615
ilr.fac1[7,2]    1.0152750  1.0431911
ilr.fac1[8,1]    1.0647572  1.1963595
ilr.fac1[8,2]    1.0845478  1.2566123
ilr.fac1[9,1]    1.0322022  1.0967802
ilr.fac1[9,2]    1.6926679  2.7027349
ilr.fac2[1,1]    1.1327680  1.3832236
ilr.fac2[1,2]    1.0295492  1.1038547
ilr.fac2[10,1]   1.0372789  1.1195659
ilr.fac2[10,2]   1.0506842  1.1672405
ilr.fac2[100,1]  1.0208712  1.0465632
ilr.fac2[100,2]  1.0228891  1.0642153
ilr.fac2[101,1]  1.0600543  1.1973319
ilr.fac2[101,2]  1.3178103  2.0038945
ilr.fac2[102,1]  1.0059576  1.0108176
ilr.fac2[102,2]  1.0403027  1.1280943
ilr.fac2[103,1]  0.9996948  1.0010834
ilr.fac2[103,2]  1.0109277  1.0365197
ilr.fac2[104,1]  1.0074256  1.0222675
ilr.fac2[104,2]  1.0062423  1.0162726
ilr.fac2[105,1]  1.0038777  1.0080365
ilr.fac2[105,2]  1.0099406  1.0333359
ilr.fac2[106,1]  1.0087568  1.0305712
ilr.fac2[106,2]  1.0108335  1.0411727
ilr.fac2[107,1]  1.0048685  1.0135843
ilr.fac2[107,2]  1.0061050  1.0163321
ilr.fac2[108,1]  1.7032851  3.3260173
ilr.fac2[108,2]  1.3915578  2.1642658
ilr.fac2[109,1]  1.0575348  1.0806670
ilr.fac2[109,2]  1.0101958  1.0206904
ilr.fac2[11,1]   1.0223103  1.0382764
ilr.fac2[11,2]   1.0099627  1.0289212
ilr.fac2[110,1]  1.0035387  1.0084576
ilr.fac2[110,2]  1.0177506  1.0587709
ilr.fac2[111,1]  1.0018326  1.0075217
ilr.fac2[111,2]  1.0186398  1.0666121
ilr.fac2[112,1]  1.0265798  1.0927818
ilr.fac2[112,2]  1.0028133  1.0076349
ilr.fac2[113,1]  1.0243710  1.0623426
ilr.fac2[113,2]  1.0896693  1.2550464
ilr.fac2[12,1]   1.0045032  1.0125858
ilr.fac2[12,2]   1.0089763  1.0303274
ilr.fac2[13,1]   1.1627823  1.4839462
ilr.fac2[13,2]   1.3331027  1.8795364
ilr.fac2[14,1]   1.0225188  1.0267942
ilr.fac2[14,2]   1.0212729  1.0662534
ilr.fac2[15,1]   1.0024109  1.0060469
ilr.fac2[15,2]   1.0213257  1.0715047
ilr.fac2[16,1]   1.0098426  1.0189188
ilr.fac2[16,2]   1.0127621  1.0431369
ilr.fac2[17,1]   1.0058513  1.0062384
ilr.fac2[17,2]   1.0200422  1.0610468
ilr.fac2[18,1]   1.0073326  1.0108207
ilr.fac2[18,2]   1.0046730  1.0158946
ilr.fac2[19,1]   1.0046282  1.0051789
ilr.fac2[19,2]   1.0012327  1.0046667
ilr.fac2[2,1]    1.0880088  1.2786902
ilr.fac2[2,2]    1.5977205  3.1577519
ilr.fac2[20,1]   1.0412883  1.1379495
ilr.fac2[20,2]   1.0145693  1.0436605
ilr.fac2[21,1]   1.0252429  1.0602915
ilr.fac2[21,2]   1.0137428  1.0457203
ilr.fac2[22,1]   1.0616811  1.1825116
ilr.fac2[22,2]   1.5144456  2.2982561
ilr.fac2[23,1]   1.0496199  1.1487008
ilr.fac2[23,2]   1.0247881  1.0846314
ilr.fac2[24,1]   1.0232123  1.0507178
ilr.fac2[24,2]   1.0398749  1.1187638
ilr.fac2[25,1]   1.0006321  1.0047112
ilr.fac2[25,2]   1.0016837  1.0033692
ilr.fac2[26,1]   1.1445758  1.4266845
ilr.fac2[26,2]   1.6169481  2.5403027
ilr.fac2[27,1]   1.0049284  1.0180680
ilr.fac2[27,2]   1.0148131  1.0540821
ilr.fac2[28,1]   1.0890320  1.2857074
ilr.fac2[28,2]   1.0953076  1.3014376
ilr.fac2[29,1]   1.0096211  1.0168940
ilr.fac2[29,2]   1.0131476  1.0412938
ilr.fac2[3,1]    1.0095511  1.0187857
ilr.fac2[3,2]    1.0229614  1.0634585
ilr.fac2[30,1]   1.0593167  1.1501630
ilr.fac2[30,2]   1.0049371  1.0074816
ilr.fac2[31,1]   1.0089874  1.0099508
ilr.fac2[31,2]   1.0057718  1.0207001
ilr.fac2[32,1]   1.0045206  1.0143958
ilr.fac2[32,2]   1.0060837  1.0163054
ilr.fac2[33,1]   1.0105522  1.0238419
ilr.fac2[33,2]   1.0016181  1.0052073
ilr.fac2[34,1]   1.0170100  1.0485785
ilr.fac2[34,2]   1.0048813  1.0179583
ilr.fac2[35,1]   1.0052503  1.0081880
ilr.fac2[35,2]   1.0114081  1.0412371
ilr.fac2[36,1]   1.0039880  1.0082337
ilr.fac2[36,2]   1.0001545  1.0031764
ilr.fac2[37,1]   1.0053012  1.0075573
ilr.fac2[37,2]   1.0059136  1.0190206
ilr.fac2[38,1]   1.0061630  1.0154200
ilr.fac2[38,2]   1.0159937  1.0562376
ilr.fac2[39,1]   1.0194421  1.0402018
ilr.fac2[39,2]   1.0046593  1.0166709
ilr.fac2[4,1]    1.1237743  1.3470435
ilr.fac2[4,2]    1.0233201  1.0759838
ilr.fac2[40,1]   1.0108334  1.0310028
ilr.fac2[40,2]   1.0321047  1.1086582
ilr.fac2[41,1]   1.0120994  1.0358323
ilr.fac2[41,2]   1.0038280  1.0122322
ilr.fac2[42,1]   1.0870508  1.2493338
ilr.fac2[42,2]   1.1517282  1.4392654
ilr.fac2[43,1]   1.0105446  1.0182760
ilr.fac2[43,2]   1.0036040  1.0045109
ilr.fac2[44,1]   1.0127038  1.0408622
ilr.fac2[44,2]   1.0079442  1.0273876
ilr.fac2[45,1]   1.0173613  1.0475896
ilr.fac2[45,2]   1.0032101  1.0114962
ilr.fac2[46,1]   1.0121682  1.0162494
ilr.fac2[46,2]   1.0023045  1.0066725
ilr.fac2[47,1]   1.0198728  1.0644494
ilr.fac2[47,2]   1.0206274  1.0681930
ilr.fac2[48,1]   1.0113119  1.0404867
ilr.fac2[48,2]   1.0047250  1.0185160
ilr.fac2[49,1]   1.0500548  1.1061122
ilr.fac2[49,2]   1.0182996  1.0643240
ilr.fac2[5,1]    1.0511347  1.1553591
ilr.fac2[5,2]    1.6108957  2.8107125
ilr.fac2[50,1]   1.0087985  1.0168075
ilr.fac2[50,2]   1.0026540  1.0034754
ilr.fac2[51,1]   1.0919245  1.2846469
ilr.fac2[51,2]   1.0047844  1.0198850
ilr.fac2[52,1]   1.0688876  1.1422127
ilr.fac2[52,2]   1.0146238  1.0522910
ilr.fac2[53,1]   1.0060242  1.0219967
ilr.fac2[53,2]   1.0233485  1.0798805
ilr.fac2[54,1]   1.0109648  1.0234900
ilr.fac2[54,2]   1.0083302  1.0120282
ilr.fac2[55,1]   0.9999490  1.0001834
ilr.fac2[55,2]   1.0050597  1.0156271
ilr.fac2[56,1]   1.0243848  1.0726132
ilr.fac2[56,2]   1.0099379  1.0382682
ilr.fac2[57,1]   1.0045586  1.0175895
ilr.fac2[57,2]   1.0064648  1.0241782
ilr.fac2[58,1]   1.0036952  1.0108296
ilr.fac2[58,2]   1.0061623  1.0172567
ilr.fac2[59,1]   1.0060546  1.0206729
ilr.fac2[59,2]   1.0034325  1.0049296
ilr.fac2[6,1]    1.0074825  1.0083435
ilr.fac2[6,2]    1.0129947  1.0475550
ilr.fac2[60,1]   1.0015188  1.0034397
ilr.fac2[60,2]   0.9997302  1.0012864
ilr.fac2[61,1]   1.0042512  1.0180231
ilr.fac2[61,2]   1.0040324  1.0144797
ilr.fac2[62,1]   1.0084876  1.0274832
ilr.fac2[62,2]   1.0010701  1.0058927
ilr.fac2[63,1]   1.0272445  1.0610283
ilr.fac2[63,2]   1.0070725  1.0157771
ilr.fac2[64,1]   1.0078645  1.0298208
ilr.fac2[64,2]   0.9997997  1.0012658
ilr.fac2[65,1]   1.0082002  1.0269402
ilr.fac2[65,2]   1.0147460  1.0340618
ilr.fac2[66,1]   1.0060930  1.0184537
ilr.fac2[66,2]   1.0017451  1.0067471
ilr.fac2[67,1]   1.0790298  1.2336893
ilr.fac2[67,2]   1.0024226  1.0104704
ilr.fac2[68,1]   1.0500973  1.1524460
ilr.fac2[68,2]   1.0070918  1.0230481
ilr.fac2[69,1]   1.0644584  1.2030612
ilr.fac2[69,2]   1.0236597  1.0816593
ilr.fac2[7,1]    1.0228798  1.0678488
ilr.fac2[7,2]    1.0169710  1.0578286
ilr.fac2[70,1]   1.0170249  1.0623152
ilr.fac2[70,2]   1.0048670  1.0200343
ilr.fac2[71,1]   1.0063187  1.0190938
ilr.fac2[71,2]   1.0052630  1.0198381
ilr.fac2[72,1]   1.0164956  1.0388371
ilr.fac2[72,2]   1.0012216  1.0015289
ilr.fac2[73,1]   1.0096935  1.0161201
ilr.fac2[73,2]   1.0072389  1.0279770
ilr.fac2[74,1]   1.0106837  1.0286176
ilr.fac2[74,2]   1.0002008  1.0018913
ilr.fac2[75,1]   1.0311463  1.1006691
ilr.fac2[75,2]   1.0067259  1.0259144
ilr.fac2[76,1]   1.0324674  1.0991575
ilr.fac2[76,2]   1.0008277  1.0044968
ilr.fac2[77,1]   1.0073369  1.0099130
ilr.fac2[77,2]   1.0020766  1.0075992
ilr.fac2[78,1]   1.0122877  1.0229773
ilr.fac2[78,2]   1.0011987  1.0024278
ilr.fac2[79,1]   1.0182458  1.0610138
ilr.fac2[79,2]   1.0010962  1.0032639
ilr.fac2[8,1]    1.0587897  1.1766789
ilr.fac2[8,2]    1.0382726  1.1257718
ilr.fac2[80,1]   1.0054531  1.0215139
ilr.fac2[80,2]   1.0004104  1.0032805
ilr.fac2[81,1]   1.0174171  1.0197562
ilr.fac2[81,2]   1.0013345  1.0040529
ilr.fac2[82,1]   1.0404775  1.0547702
ilr.fac2[82,2]   1.0897335  1.1839047
ilr.fac2[83,1]   1.0103424  1.0138240
ilr.fac2[83,2]   1.0006165  1.0031012
ilr.fac2[84,1]   1.1235796  1.3459833
ilr.fac2[84,2]   1.0249243  1.0744121
ilr.fac2[85,1]   1.0062310  1.0168410
ilr.fac2[85,2]   1.0096385  1.0323383
ilr.fac2[86,1]   1.1052449  1.3165947
ilr.fac2[86,2]   1.0278111  1.0909265
ilr.fac2[87,1]   1.0112342  1.0356514
ilr.fac2[87,2]   1.0088599  1.0343434
ilr.fac2[88,1]   1.0095301  1.0240077
ilr.fac2[88,2]   0.9996895  1.0011374
ilr.fac2[89,1]   1.0645335  1.1604947
ilr.fac2[89,2]   1.0700139  1.2270253
ilr.fac2[9,1]    1.0079173  1.0088944
ilr.fac2[9,2]    1.0147812  1.0479403
ilr.fac2[90,1]   1.0113279  1.0117274
ilr.fac2[90,2]   1.0163901  1.0435512
ilr.fac2[91,1]   1.0054653  1.0224262
ilr.fac2[91,2]   1.0010019  1.0057125
ilr.fac2[92,1]   1.0122456  1.0332728
ilr.fac2[92,2]   1.0116832  1.0373160
ilr.fac2[93,1]   1.0061065  1.0246549
ilr.fac2[93,2]   1.0128418  1.0181737
ilr.fac2[94,1]   1.0127850  1.0373884
ilr.fac2[94,2]   1.0029119  1.0049033
ilr.fac2[95,1]   1.0142670  1.0420367
ilr.fac2[95,2]   1.0087629  1.0328556
ilr.fac2[96,1]   1.0072616  1.0093452
ilr.fac2[96,2]   1.0059481  1.0126396
ilr.fac2[97,1]   1.0054613  1.0072472
ilr.fac2[97,2]   1.0031755  1.0095539
ilr.fac2[98,1]   1.0059046  1.0175199
ilr.fac2[98,2]   1.0152872  1.0553792
ilr.fac2[99,1]   1.0149605  1.0383330
ilr.fac2[99,2]   1.2798778  1.7592591
ilr.global[1]    1.4180137  2.9628109
ilr.global[2]    1.7808709  5.0575808
loglik[1]        1.0017592  1.0086797
loglik[10]       1.0025480  1.0083298
loglik[100]      1.0075875  1.0214712
loglik[101]      1.0206372  1.0336629
loglik[102]      1.0018292  1.0046314
loglik[103]      1.0084036  1.0299100
loglik[104]      1.0028188  1.0061202
loglik[105]      1.0019343  1.0086451
loglik[106]      1.0046290  1.0081415
loglik[107]      1.0026052  1.0063311
loglik[108]      1.2007462  1.5769213
loglik[109]      1.0440334  1.0712517
loglik[11]       1.0019550  1.0049931
loglik[110]      1.0008584  1.0052541
loglik[111]      1.0001486  1.0022238
loglik[112]      1.0065481  1.0262832
loglik[113]      1.0564785  1.1114445
loglik[12]       1.0241078  1.0374681
loglik[13]       1.0064012  1.0230772
loglik[14]       1.0007130  1.0014656
loglik[15]       1.0031549  1.0036753
loglik[16]       1.0019952  1.0048079
loglik[17]       1.0115324  1.0191922
loglik[18]       1.0039616  1.0040439
loglik[19]       1.0024160  1.0086056
loglik[2]        1.0088219  1.0326147
loglik[20]       1.0021354  1.0080649
loglik[21]       1.0054861  1.0133235
loglik[22]       1.0030582  1.0102341
loglik[23]       1.0051512  1.0095119
loglik[24]       1.0034389  1.0094503
loglik[25]       1.0074099  1.0291575
loglik[26]       1.0245906  1.0491632
loglik[27]       1.0037840  1.0117083
loglik[28]       1.0038551  1.0073826
loglik[29]       1.0064075  1.0208860
loglik[3]        1.0131254  1.0465837
loglik[30]       1.0200277  1.0669562
loglik[31]       1.0234863  1.0482087
loglik[32]       1.0107928  1.0149824
loglik[33]       1.0164843  1.0187705
loglik[34]       1.0174496  1.0224708
loglik[35]       1.0070038  1.0126518
loglik[36]       1.0084021  1.0244330
loglik[37]       1.0086255  1.0101371
loglik[38]       1.0010119  1.0063044
loglik[39]       1.0013682  1.0036035
loglik[4]        1.0006111  1.0020406
loglik[40]       1.0032899  1.0135978
loglik[41]       1.0174332  1.0261454
loglik[42]       1.0117777  1.0420811
loglik[43]       1.0007023  1.0040790
loglik[44]       1.0053907  1.0117290
loglik[45]       1.0067293  1.0110901
loglik[46]       1.0051715  1.0154878
loglik[47]       1.0116827  1.0389785
loglik[48]       1.0068000  1.0152662
loglik[49]       1.0020450  1.0077454
loglik[5]        1.0004521  1.0032756
loglik[50]       1.0025851  1.0078192
loglik[51]       1.0015389  1.0026050
loglik[52]       1.0366024  1.0713233
loglik[53]       1.0150153  1.0295302
loglik[54]       1.0040627  1.0165550
loglik[55]       1.0037291  1.0063753
loglik[56]       1.0075824  1.0160735
loglik[57]       1.0191948  1.0357904
loglik[58]       1.0060751  1.0112596
loglik[59]       1.0030917  1.0038325
loglik[6]        0.9994328  1.0003553
loglik[60]       1.0085222  1.0147291
loglik[61]       1.0012020  1.0029879
loglik[62]       1.0143202  1.0525578
loglik[63]       1.0069371  1.0173688
loglik[64]       1.0037126  1.0048163
loglik[65]       1.0070170  1.0150932
loglik[66]       1.0007700  1.0038691
loglik[67]       1.0252868  1.0550577
loglik[68]       1.0023864  1.0033415
loglik[69]       1.0183335  1.0407147
loglik[7]        1.0030458  1.0094341
loglik[70]       1.0012499  1.0051282
loglik[71]       1.0052083  1.0058332
loglik[72]       1.0022185  1.0068510
loglik[73]       1.0005561  1.0044748
loglik[74]       1.0107393  1.0130068
loglik[75]       1.0241091  1.0392151
loglik[76]       1.0193971  1.0334821
loglik[77]       0.9991437  0.9991553
loglik[78]       0.9997697  1.0000242
loglik[79]       1.0019294  1.0040105
loglik[8]        0.9999773  1.0011774
loglik[80]       1.0014852  1.0070558
loglik[81]       1.0081832  1.0152227
loglik[82]       1.0050450  1.0190856
loglik[83]       1.0199623  1.0245037
loglik[84]       1.0481848  1.0958144
loglik[85]       1.0125852  1.0185494
loglik[86]       1.0074016  1.0200299
loglik[87]       1.0329442  1.0366259
loglik[88]       1.0011686  1.0045953
loglik[89]       1.0021689  1.0104580
loglik[9]        1.0033521  1.0123959
loglik[90]       1.0349121  1.0415816
loglik[91]       1.0126947  1.0183752
loglik[92]       1.0031554  1.0131533
loglik[93]       0.9999840  1.0025306
loglik[94]       1.0041661  1.0065034
loglik[95]       1.0553621  1.0962849
loglik[96]       1.0035364  1.0057834
loglik[97]       1.0208546  1.0335179
loglik[98]       1.0031850  1.0035705
loglik[99]       1.0227009  1.0418971
p.fac1[1,1]      1.2249967  1.7053503
p.fac1[1,2]      1.0573319  1.1879629
p.fac1[1,3]      1.8892912  6.6157097
p.fac1[10,1]     1.0480545  1.0895021
p.fac1[10,2]     1.0230482  1.0253546
p.fac1[10,3]     1.0328893  1.0961166
p.fac1[11,1]     1.0053546  1.0091997
p.fac1[11,2]     1.0185513  1.0605846
p.fac1[11,3]     1.1753235  1.5127401
p.fac1[2,1]      1.0418575  1.1265593
p.fac1[2,2]      1.0153511  1.0462401
p.fac1[2,3]      1.1335262  1.3257870
p.fac1[3,1]      1.1425604  1.4145702
p.fac1[3,2]      1.0288411  1.0569482
p.fac1[3,3]      1.4269867  3.4493905
p.fac1[4,1]      1.2668787  1.8629479
p.fac1[4,2]      1.0716799  1.2192371
p.fac1[4,3]      1.0429519  1.1129089
p.fac1[5,1]      1.0328649  1.0960242
p.fac1[5,2]      1.0083081  1.0261317
p.fac1[5,3]      1.2408038  1.7623243
p.fac1[6,1]      1.1451752  1.4301470
p.fac1[6,2]      1.1161751  1.3444922
p.fac1[6,3]      1.0605534  1.1370757
p.fac1[7,1]      1.0944289  1.2823017
p.fac1[7,2]      1.0481189  1.1383313
p.fac1[7,3]      1.1283704  1.3311857
p.fac1[8,1]      1.0196932  1.0587154
p.fac1[8,2]      1.0182897  1.0539129
p.fac1[8,3]      1.0316419  1.0647347
p.fac1[9,1]      1.0242226  1.0786974
p.fac1[9,2]      1.0117714  1.0362296
p.fac1[9,3]      1.3094629  2.3967048
p.global[1]      1.2249967  1.7053503
p.global[2]      1.0573319  1.1879629
p.global[3]      1.8892912  6.6157097
resid.prop[1]    1.0011352  1.0024098
resid.prop[2]    1.0107116  1.0318419
resid.prop[3]    1.0126709  1.0330884

################################################################################
# Geweke Diagnostic
################################################################################

The Geweke diagnostic is a standard z-score, so we'd expect 5% to be outside +/-1.96
Number of variables outside +/-1.96 in each chain (out of 
404
):


       Chain 1 Chain 2 Chain 3
Geweke      51      76     193


And here are the Geweke diagnostics for all variables:

                chain1 chain2  chain3
deviance        -3.914  1.558  -2.660
fac2.sig        -1.424  2.198  16.929
ilr.fac1[10,1]   0.239 -0.806   1.946
ilr.fac1[10,2]  -2.102 -0.782   0.427
ilr.fac1[11,1]   0.487 -1.108   1.646
ilr.fac1[11,2]   0.201  3.859   4.023
ilr.fac1[2,1]   -2.183  0.331  -0.607
ilr.fac1[2,2]   -1.505  0.679  -1.453
ilr.fac1[3,1]   -1.493 -0.739   1.205
ilr.fac1[3,2]   -0.309  0.504  10.555
ilr.fac1[4,1]   -0.977 -2.280   1.146
ilr.fac1[4,2]   -0.524  0.359   4.481
ilr.fac1[5,1]   -0.131 -1.465   2.529
ilr.fac1[5,2]   -0.381 -0.186   0.677
ilr.fac1[6,1]   -3.175 -6.357   1.435
ilr.fac1[6,2]   -1.717 -0.405   0.818
ilr.fac1[7,1]    0.248 -2.861   3.450
ilr.fac1[7,2]    0.339 -0.327   3.944
ilr.fac1[8,1]   -0.614 -2.796   6.902
ilr.fac1[8,2]   -0.582  0.547   3.488
ilr.fac1[9,1]   -0.613 -5.022   2.698
ilr.fac1[9,2]   -3.705 -2.781  -1.925
ilr.fac2[1,1]   -0.340 -1.607   5.063
ilr.fac2[1,2]    0.284  0.702   3.476
ilr.fac2[10,1]  -0.282 -1.177   1.172
ilr.fac2[10,2]  -1.164  0.869   2.626
ilr.fac2[100,1] -0.117  5.744   4.215
ilr.fac2[100,2]  1.257 -0.121   4.836
ilr.fac2[101,1]  0.348  6.529   2.653
ilr.fac2[101,2]  2.954  2.522   7.241
ilr.fac2[102,1] -0.275  4.432  -1.210
ilr.fac2[102,2] -0.050  3.458   1.659
ilr.fac2[103,1] -0.364 -1.005  -1.957
ilr.fac2[103,2]  0.624  0.363   1.197
ilr.fac2[104,1] -0.030 -0.531  -1.159
ilr.fac2[104,2]  0.203  0.291   1.778
ilr.fac2[105,1] -1.079 -0.470  -1.566
ilr.fac2[105,2]  1.142  1.426   5.428
ilr.fac2[106,1]  0.273 -0.440  -2.597
ilr.fac2[106,2]  0.637  1.012   1.127
ilr.fac2[107,1] -1.548 -1.430  -0.583
ilr.fac2[107,2]  1.293 -1.355   3.684
ilr.fac2[108,1]  3.310  0.604   2.895
ilr.fac2[108,2]  1.886 -1.912   0.512
ilr.fac2[109,1] -0.311  0.326   4.625
ilr.fac2[109,2]  0.841 -1.908   1.705
ilr.fac2[11,1]  -1.701 -1.475  -1.776
ilr.fac2[11,2]  -0.559 -0.545   1.587
ilr.fac2[110,1] -0.349 -0.661   0.137
ilr.fac2[110,2] -1.644 -1.219   2.515
ilr.fac2[111,1] -1.529 -0.325  -2.152
ilr.fac2[111,2] -1.518 -1.301   2.182
ilr.fac2[112,1]  0.504  0.216  -0.158
ilr.fac2[112,2]  0.209  0.065   0.585
ilr.fac2[113,1] -0.644 -0.176   1.300
ilr.fac2[113,2] -0.156 -3.543   1.027
ilr.fac2[12,1]  -0.251 -2.969  -1.121
ilr.fac2[12,2]  -0.362  0.961   2.618
ilr.fac2[13,1]   0.718 -0.638   0.690
ilr.fac2[13,2]   1.171  0.949   2.659
ilr.fac2[14,1]   0.436 -1.359   0.855
ilr.fac2[14,2]   1.273  1.197   6.091
ilr.fac2[15,1]   0.060 -2.785  -0.405
ilr.fac2[15,2]  -2.108 -0.917   5.825
ilr.fac2[16,1]  -0.260 -1.263  -1.357
ilr.fac2[16,2]  -0.485 -0.491   2.936
ilr.fac2[17,1]  -0.880 -2.469  -1.379
ilr.fac2[17,2]   0.847 -0.035   2.667
ilr.fac2[18,1]  -0.200 -2.855  -0.883
ilr.fac2[18,2]  -0.821 -0.662   2.463
ilr.fac2[19,1]   1.501 -1.431  -0.381
ilr.fac2[19,2]   0.334  0.143   3.159
ilr.fac2[2,1]   -3.043  0.403   5.578
ilr.fac2[2,2]   -0.206 -1.274   9.528
ilr.fac2[20,1]  -0.175 -0.634  11.334
ilr.fac2[20,2]  -0.837  2.315   8.762
ilr.fac2[21,1]   0.494  0.870   7.457
ilr.fac2[21,2]  -0.205 -2.268   4.045
ilr.fac2[22,1]  -0.855  0.627   7.162
ilr.fac2[22,2]  -0.034 -0.382  -0.053
ilr.fac2[23,1]   1.099  0.567   5.601
ilr.fac2[23,2]  -0.795  1.290   0.550
ilr.fac2[24,1]  -1.258 -0.206   8.003
ilr.fac2[24,2]  -1.256  0.179   1.498
ilr.fac2[25,1]  -0.855 -1.031  -1.031
ilr.fac2[25,2]  -2.108  0.162  -3.089
ilr.fac2[26,1]   0.104  0.956   8.212
ilr.fac2[26,2]   0.599  0.401   0.345
ilr.fac2[27,1]   1.696 -0.159  -0.392
ilr.fac2[27,2]   0.139  0.376   2.655
ilr.fac2[28,1]   0.293 -2.209   1.712
ilr.fac2[28,2]  -0.526 -1.425  -1.201
ilr.fac2[29,1]  -0.294 -0.551  -1.121
ilr.fac2[29,2]  -0.747  0.709   3.547
ilr.fac2[3,1]    1.250 -1.198   0.040
ilr.fac2[3,2]    1.313  0.142   1.772
ilr.fac2[30,1]  -0.260 -1.197  -1.120
ilr.fac2[30,2]  -0.860  2.595  -1.400
ilr.fac2[31,1]   0.887 -2.335  -0.931
ilr.fac2[31,2]  -0.227 -0.997  -0.433
ilr.fac2[32,1]   0.926 -1.600   0.583
ilr.fac2[32,2]  -0.237 -1.090   1.558
ilr.fac2[33,1]  -0.101 -0.322  -0.933
ilr.fac2[33,2]  -0.098  0.011  -1.361
ilr.fac2[34,1]   0.662 -0.270  -0.804
ilr.fac2[34,2]  -0.860  0.641   1.617
ilr.fac2[35,1]   0.283 -2.339  -1.072
ilr.fac2[35,2]  -1.666 -0.287   0.363
ilr.fac2[36,1]   2.221 -0.843  -0.583
ilr.fac2[36,2]   0.886  1.853   0.969
ilr.fac2[37,1]   2.150 -0.901  -0.830
ilr.fac2[37,2]  -0.044 -0.132   2.274
ilr.fac2[38,1]   1.654 -1.065  -1.449
ilr.fac2[38,2]  -0.082  0.150  -0.058
ilr.fac2[39,1]   0.302  0.746  -4.409
ilr.fac2[39,2]  -2.398  1.437  -0.200
ilr.fac2[4,1]   -3.761 -0.064  10.840
ilr.fac2[4,2]   -2.201  0.680   2.463
ilr.fac2[40,1]  -0.384 -0.361   0.015
ilr.fac2[40,2]  -0.560 -0.541   0.367
ilr.fac2[41,1]   0.619 -0.799  -1.413
ilr.fac2[41,2]   0.313 -0.073  -0.359
ilr.fac2[42,1]  -0.017 -0.119   3.868
ilr.fac2[42,2]   0.643 -2.068  -0.695
ilr.fac2[43,1]   0.328  0.122  -3.416
ilr.fac2[43,2]   2.279 -0.662   1.103
ilr.fac2[44,1]   0.093 -2.163  -1.646
ilr.fac2[44,2]  -1.008  1.906   1.404
ilr.fac2[45,1]  -0.455 -0.581  -1.153
ilr.fac2[45,2]  -0.459 -0.931   0.535
ilr.fac2[46,1]   1.475 -0.138  -1.823
ilr.fac2[46,2]   0.936  0.405  -0.496
ilr.fac2[47,1]  -1.653  0.805  -0.038
ilr.fac2[47,2]  -0.910  0.787  -0.370
ilr.fac2[48,1]   0.625 -1.140  -4.726
ilr.fac2[48,2]  -0.642  0.146  -1.582
ilr.fac2[49,1]   1.318 -2.256  -0.300
ilr.fac2[49,2]  -0.233 -0.696  -1.175
ilr.fac2[5,1]    0.569 -0.734   9.860
ilr.fac2[5,2]   -1.103 -1.091  20.845
ilr.fac2[50,1]   1.392 -1.116  -1.686
ilr.fac2[50,2]   1.008  0.793   1.527
ilr.fac2[51,1]  -1.460  0.222   4.342
ilr.fac2[51,2]   0.780  0.943   3.865
ilr.fac2[52,1]   0.221 -1.294   3.059
ilr.fac2[52,2]   0.850 -0.721   1.992
ilr.fac2[53,1]   0.559 -1.114   0.314
ilr.fac2[53,2]   0.278 -0.470   2.641
ilr.fac2[54,1]  -0.161  0.207  -2.026
ilr.fac2[54,2]  -0.591  0.071   2.749
ilr.fac2[55,1]   0.734 -1.349   0.560
ilr.fac2[55,2]   1.247 -0.600   2.012
ilr.fac2[56,1]  -1.450  0.951   6.148
ilr.fac2[56,2]   0.759  1.314   2.865
ilr.fac2[57,1]   0.476 -1.399  -1.807
ilr.fac2[57,2]   1.537  1.032   2.258
ilr.fac2[58,1]  -3.692 -1.069  -3.928
ilr.fac2[58,2]  -1.862 -1.647   2.336
ilr.fac2[59,1]  -1.478  0.372  -1.114
ilr.fac2[59,2]  -0.721  1.820   2.837
ilr.fac2[6,1]   -0.352 -1.446  -1.671
ilr.fac2[6,2]   -0.425  1.426   2.814
ilr.fac2[60,1]   1.380 -0.686  -4.769
ilr.fac2[60,2]  -0.374 -0.639  -0.757
ilr.fac2[61,1]   0.127 -0.345   2.839
ilr.fac2[61,2]  -1.627 -2.277   2.670
ilr.fac2[62,1]   1.729  0.297   1.707
ilr.fac2[62,2]   1.557  1.251   3.275
ilr.fac2[63,1]  -0.696 -0.742  -1.444
ilr.fac2[63,2]  -0.707 -1.649   1.776
ilr.fac2[64,1]   3.380  0.163   0.197
ilr.fac2[64,2]   0.760 -0.718   0.968
ilr.fac2[65,1]   2.240  0.384  -1.923
ilr.fac2[65,2]   0.365  1.428   2.759
ilr.fac2[66,1]   3.189  0.986   1.562
ilr.fac2[66,2]   2.169  1.333   3.127
ilr.fac2[67,1]   0.750  3.555   4.588
ilr.fac2[67,2]   2.963  0.067   2.925
ilr.fac2[68,1]  -0.829  2.802  11.706
ilr.fac2[68,2]   1.407  1.223   3.098
ilr.fac2[69,1]  -0.320  3.470   3.839
ilr.fac2[69,2]   0.863  1.714   0.839
ilr.fac2[7,1]   -0.134  0.529  -0.149
ilr.fac2[7,2]   -0.008  1.269   0.398
ilr.fac2[70,1]   1.347  0.893  -0.339
ilr.fac2[70,2]   0.675  0.235   0.870
ilr.fac2[71,1]   1.733 -0.347  -0.492
ilr.fac2[71,2]   1.355  0.304   3.260
ilr.fac2[72,1]   1.702  3.177  -1.407
ilr.fac2[72,2]  -0.577  1.177   1.287
ilr.fac2[73,1]   0.582  0.275  -1.112
ilr.fac2[73,2]  -0.480  0.513   2.556
ilr.fac2[74,1]   1.629 -1.607  -2.184
ilr.fac2[74,2]  -0.847 -2.588   0.711
ilr.fac2[75,1]  -0.448  2.302   5.791
ilr.fac2[75,2]   0.622  0.618   2.814
ilr.fac2[76,1]   1.105  1.647   5.742
ilr.fac2[76,2]   0.191  0.644   6.012
ilr.fac2[77,1]   2.201  0.460  -0.685
ilr.fac2[77,2]   0.999  0.368   2.828
ilr.fac2[78,1]  -0.340  0.095  -2.848
ilr.fac2[78,2]  -0.818  2.061   2.525
ilr.fac2[79,1]   0.181  0.722  -1.029
ilr.fac2[79,2]   0.869  1.850   0.347
ilr.fac2[8,1]   -1.761 -2.736   6.665
ilr.fac2[8,2]    0.063 -2.287   4.583
ilr.fac2[80,1]   1.286  0.449   0.218
ilr.fac2[80,2]   0.162  0.674   2.277
ilr.fac2[81,1]  -1.015  0.348  -2.018
ilr.fac2[81,2]  -0.594 -1.512   0.218
ilr.fac2[82,1]  -1.183  2.684   4.643
ilr.fac2[82,2]  -1.008  0.982   6.028
ilr.fac2[83,1]  -0.239 -1.448  -1.236
ilr.fac2[83,2]  -0.598 -0.347   3.959
ilr.fac2[84,1]   0.405  0.584   3.402
ilr.fac2[84,2]   0.227  0.681   1.777
ilr.fac2[85,1]  -0.104  0.978  -1.513
ilr.fac2[85,2]   0.768  0.569   3.149
ilr.fac2[86,1]  -0.915 -0.073   4.575
ilr.fac2[86,2]   0.389 -0.666   5.590
ilr.fac2[87,1]   0.096 -0.138  -2.272
ilr.fac2[87,2]  -1.413  0.846   2.349
ilr.fac2[88,1]   0.270 -0.317  -0.652
ilr.fac2[88,2]   0.083  1.149   4.624
ilr.fac2[89,1]   0.107  2.408   2.484
ilr.fac2[89,2]  -0.213  1.892   1.613
ilr.fac2[9,1]   -0.501 -2.983  -0.915
ilr.fac2[9,2]   -2.471 -0.344   3.945
ilr.fac2[90,1]   0.208 -1.924  -1.554
ilr.fac2[90,2]  -0.795 -0.947   2.440
ilr.fac2[91,1]   1.370 -1.788  -2.154
ilr.fac2[91,2]   0.230 -1.020   1.287
ilr.fac2[92,1]   0.728 -1.545  -1.232
ilr.fac2[92,2]   1.578  0.188   2.545
ilr.fac2[93,1]  -0.660 -0.306  -2.392
ilr.fac2[93,2]  -1.391  0.316   1.662
ilr.fac2[94,1]   0.882  0.119  -1.887
ilr.fac2[94,2]   1.012 -1.633   0.513
ilr.fac2[95,1]  -1.996  2.423   1.951
ilr.fac2[95,2]  -0.491 -1.639   1.787
ilr.fac2[96,1]   0.338  0.362  -4.684
ilr.fac2[96,2]   0.355 -2.008  -3.348
ilr.fac2[97,1]   0.161  1.586  -4.041
ilr.fac2[97,2]   0.345 -0.772   1.007
ilr.fac2[98,1]   1.958  1.346  -0.883
ilr.fac2[98,2]   0.070 -0.495   0.652
ilr.fac2[99,1]   0.170  2.431   4.311
ilr.fac2[99,2]   1.685  2.037   5.315
ilr.global[1]    5.641  2.861  -6.558
ilr.global[2]    0.538  2.092 -13.986
loglik[1]       -0.725  0.261   0.076
loglik[10]       2.432 -2.307   1.701
loglik[100]      0.089  0.429   1.387
loglik[101]      2.176  0.622   0.450
loglik[102]      3.188  0.929  -0.907
loglik[103]      0.367  0.209   0.570
loglik[104]      1.885 -1.368  -0.315
loglik[105]     -0.410 -0.392   0.143
loglik[106]      1.636  1.126   5.062
loglik[107]     -0.783  0.083   1.838
loglik[108]      3.949  0.715   0.482
loglik[109]      0.621  0.811   2.210
loglik[11]       3.056  0.301   4.894
loglik[110]      0.812 -0.113  -0.869
loglik[111]      0.630 -1.162  -0.707
loglik[112]      0.582 -0.797  -0.206
loglik[113]      0.650 -1.398  -0.824
loglik[12]      -0.109  2.091   2.949
loglik[13]      -0.168 -2.092   0.501
loglik[14]       0.260 -3.178  -7.621
loglik[15]       0.256 -3.178  -5.214
loglik[16]       3.359 -2.377  -1.389
loglik[17]       1.474 -2.513  -6.222
loglik[18]       3.208 -2.578  -0.778
loglik[19]      -0.345  0.425   3.590
loglik[2]        0.800 -1.891   0.271
loglik[20]      -1.646  0.568   3.111
loglik[21]       0.178 -0.582   1.458
loglik[22]       1.252  0.360   0.639
loglik[23]       3.469  0.595   5.875
loglik[24]       0.783 -0.301   0.701
loglik[25]       1.433  0.252   1.774
loglik[26]       1.309 -1.894  -0.481
loglik[27]       1.316 -1.385   0.680
loglik[28]       2.770 -0.354   0.784
loglik[29]       1.642 -0.660  -2.699
loglik[3]       -0.163 -0.184   1.052
loglik[30]      -0.106 -1.279  -2.106
loglik[31]       1.212  0.792   3.307
loglik[32]       0.558 -1.295  -0.254
loglik[33]       0.537  0.229   2.216
loglik[34]       0.578  1.008   3.852
loglik[35]       0.898  0.327   2.300
loglik[36]      -0.745 -0.259   1.551
loglik[37]       0.118 -1.551   3.653
loglik[38]       0.701  0.514  -0.203
loglik[39]       2.939 -0.076  -1.332
loglik[4]       -0.900  1.227  -1.463
loglik[40]       0.348  0.230  -1.899
loglik[41]       0.555 -0.796   2.985
loglik[42]       0.084 -3.403   1.175
loglik[43]       1.904  0.275   5.115
loglik[44]       0.488 -1.018  -0.217
loglik[45]       1.342  1.071   2.847
loglik[46]       0.757  0.403   2.318
loglik[47]      -0.656 -0.919   2.952
loglik[48]       2.776 -1.621   1.715
loglik[49]       4.196 -1.514   0.935
loglik[5]        2.035  0.274   2.538
loglik[50]       0.154  0.170   0.934
loglik[51]       1.814 -0.423   1.052
loglik[52]      -0.167 -2.220   1.087
loglik[53]       5.461 -1.197   3.705
loglik[54]       0.586  0.195   1.851
loglik[55]      -0.059  1.186   3.337
loglik[56]       0.954  0.289  -0.597
loglik[57]       1.342  0.226   0.868
loglik[58]      -0.356  1.767   3.479
loglik[59]       2.531  0.912   1.581
loglik[6]        1.576  0.700   4.240
loglik[60]       1.175 -0.176   4.443
loglik[61]       0.416 -0.283   0.615
loglik[62]       2.251  0.385   0.140
loglik[63]       0.132  0.753   1.804
loglik[64]       0.795 -1.547   3.653
loglik[65]      -1.255  0.490   0.260
loglik[66]       1.130  0.931  -0.113
loglik[67]       1.086  0.636   2.556
loglik[68]      -0.293  0.761   1.399
loglik[69]       0.542 -0.827   0.869
loglik[7]        1.703  1.233  -0.658
loglik[70]      -0.330  2.042   2.400
loglik[71]       1.167 -2.626  -0.304
loglik[72]       1.189 -2.561  -1.898
loglik[73]       0.489  0.521   4.670
loglik[74]       0.107  1.622   2.168
loglik[75]       0.275 -1.226   1.929
loglik[76]       4.795 -0.552   1.002
loglik[77]      -0.166 -1.154  -2.629
loglik[78]       0.177  0.001  -0.388
loglik[79]       0.847  0.673   3.588
loglik[8]        1.128 -0.007   2.238
loglik[80]       0.290 -0.406   3.496
loglik[81]       0.122 -0.303   2.461
loglik[82]      -1.761  0.126  -5.765
loglik[83]       0.300  0.368   2.304
loglik[84]       1.591  0.430   4.197
loglik[85]      -0.215  0.758   2.938
loglik[86]       1.311 -1.441   0.458
loglik[87]       3.996 -0.095   2.324
loglik[88]       0.242 -0.906  -4.469
loglik[89]       0.710  0.107   1.368
loglik[9]        0.110 -1.967  -3.511
loglik[90]       1.295 -0.336   0.327
loglik[91]       0.158 -0.635  -1.984
loglik[92]       1.162 -1.553   1.101
loglik[93]      -0.140 -0.632   1.637
loglik[94]       1.601 -1.119   0.806
loglik[95]       0.937 -2.396   1.580
loglik[96]       0.023  1.619   5.083
loglik[97]      -0.089  0.420   1.024
loglik[98]       2.231  1.611   1.343
loglik[99]       1.743  0.317   2.781
p.fac1[1,1]      6.218  3.204  -7.761
p.fac1[1,2]     -7.080 -2.749   1.831
p.fac1[1,3]      0.678 -0.921   5.929
p.fac1[10,1]     1.124  0.104  -5.894
p.fac1[10,2]    -1.185 -0.263   1.392
p.fac1[10,3]     1.019  0.625   3.458
p.fac1[11,1]     1.456 -0.081  -3.735
p.fac1[11,2]    -1.291  1.117   2.775
p.fac1[11,3]     0.849 -4.724   0.256
p.fac1[2,1]     -0.311  2.469  -5.478
p.fac1[2,2]      0.363 -1.578   2.768
p.fac1[2,3]     -0.233 -1.711   3.523
p.fac1[3,1]      0.758  0.339  -5.477
p.fac1[3,2]     -0.597 -0.080   5.482
p.fac1[3,3]      0.137 -3.368  -2.976
p.fac1[4,1]      0.444 -0.144  -5.323
p.fac1[4,2]     -0.995  1.000   3.685
p.fac1[4,3]      0.729 -1.523  -1.217
p.fac1[5,1]      1.527  0.022  -5.884
p.fac1[5,2]     -1.523  0.062   2.927
p.fac1[5,3]      0.439 -0.592   2.183
p.fac1[6,1]     -1.559 -3.731  -4.504
p.fac1[6,2]      1.119  3.776   2.831
p.fac1[6,3]      1.845 -1.698   1.332
p.fac1[7,1]      1.158 -1.621  -2.461
p.fac1[7,2]     -1.339  2.338   1.957
p.fac1[7,3]     -0.231 -1.712   1.406
p.fac1[8,1]      0.266 -1.456  -1.546
p.fac1[8,2]     -0.434  1.760   0.712
p.fac1[8,3]      0.920 -2.243   1.808
p.fac1[9,1]      0.476 -4.264  -3.989
p.fac1[9,2]     -1.129  2.729  -0.826
p.fac1[9,3]      4.138  1.351   4.743
p.global[1]      6.218  3.204  -7.761
p.global[2]     -7.080 -2.749   1.831
p.global[3]      0.678 -0.921   5.929
resid.prop[1]   -3.395  2.714   1.861
resid.prop[2]   -0.361 -0.287  -2.407
resid.prop[3]   -0.555 -1.983  -7.670
