
#################################################################
# Summary Statistics
#################################################################

DIC = 322.7081

                         Mean    SD  2.5%    5%   25%   50%   75%   95% 97.5%
Epsilon.1               0.683 0.144 0.445 0.471 0.582 0.669 0.767 0.941 1.003
Epsilon.2               3.285 0.668 2.182 2.299 2.802 3.229 3.692 4.469 4.747
p.wYear 2011.Estuarine  0.036 0.029 0.001 0.003 0.014 0.030 0.051 0.091 0.107
p.wYear 2012.Estuarine  0.054 0.074 0.000 0.001 0.008 0.024 0.068 0.211 0.279
p.wYear 2013.Estuarine  0.034 0.038 0.001 0.001 0.007 0.020 0.048 0.113 0.142
p.wYear 2014.Estuarine  0.029 0.034 0.001 0.001 0.007 0.018 0.040 0.098 0.126
p.wYear 2016.Estuarine  0.051 0.057 0.001 0.001 0.009 0.030 0.072 0.171 0.207
p.wYear 2017.Estuarine  0.041 0.046 0.001 0.001 0.008 0.025 0.058 0.137 0.167
p.wYear 2018.Estuarine  0.063 0.067 0.001 0.001 0.011 0.038 0.094 0.202 0.234
p.wYear 2019.Estuarine  0.061 0.067 0.001 0.001 0.010 0.035 0.090 0.202 0.239
p.wYear 2020.Estuarine  0.073 0.104 0.001 0.001 0.010 0.030 0.093 0.298 0.387
p.wYear 2011.Freshwater 0.649 0.054 0.538 0.558 0.615 0.651 0.686 0.734 0.748
p.wYear 2012.Freshwater 0.714 0.104 0.470 0.522 0.653 0.727 0.785 0.860 0.884
p.wYear 2013.Freshwater 0.675 0.051 0.569 0.587 0.644 0.678 0.711 0.755 0.769
p.wYear 2014.Freshwater 0.636 0.062 0.507 0.530 0.597 0.639 0.680 0.731 0.749
p.wYear 2016.Freshwater 0.768 0.063 0.630 0.659 0.730 0.773 0.811 0.864 0.877
p.wYear 2017.Freshwater 0.738 0.054 0.620 0.647 0.705 0.741 0.774 0.819 0.832
p.wYear 2018.Freshwater 0.704 0.071 0.544 0.576 0.661 0.712 0.755 0.808 0.823
p.wYear 2019.Freshwater 0.734 0.075 0.567 0.601 0.688 0.740 0.785 0.846 0.869
p.wYear 2020.Freshwater 0.315 0.120 0.089 0.115 0.226 0.317 0.405 0.510 0.542
p.wYear 2011.Seagrass   0.315 0.052 0.218 0.232 0.281 0.313 0.348 0.402 0.426
p.wYear 2012.Seagrass   0.232 0.087 0.080 0.106 0.172 0.226 0.281 0.387 0.425
p.wYear 2013.Seagrass   0.290 0.046 0.204 0.218 0.259 0.289 0.319 0.368 0.384
p.wYear 2014.Seagrass   0.334 0.060 0.225 0.242 0.292 0.332 0.374 0.437 0.454
p.wYear 2016.Seagrass   0.181 0.049 0.088 0.102 0.148 0.179 0.213 0.263 0.283
p.wYear 2017.Seagrass   0.221 0.044 0.137 0.150 0.192 0.220 0.250 0.293 0.307
p.wYear 2018.Seagrass   0.233 0.054 0.134 0.146 0.196 0.230 0.267 0.324 0.347
p.wYear 2019.Seagrass   0.205 0.057 0.098 0.113 0.167 0.203 0.241 0.304 0.328
p.wYear 2020.Seagrass   0.612 0.131 0.359 0.404 0.526 0.609 0.696 0.832 0.869
