
################################################################################
# Gelman-Rubin Diagnostic
################################################################################

Generally the Gelman diagnostic should be < 1.05


Out of 153 variables: 0 > 1.01

                      
0 > 1.05

                      
0 > 1.1


The worst variables are:

              Point est. Upper C.I.
loglik[19]      1.006453   1.013089
p.fac1[4,1]     1.005833   1.007968
ilr.fac1[2,2]   1.003885   1.014809
loglik[72]      1.003303   1.003536
loglik[41]      1.002840   1.004287
ilr.fac1[8,1]   1.002435   1.009766
loglik[94]      1.002403   1.009617
loglik[86]      1.002393   1.005172
p.fac1[1,3]     1.002381   1.009437
p.global[3]     1.002381   1.009437


And here are the Gelman diagnostics for all variables:

              Point est. Upper C.I.
deviance       1.0006355  1.0031197
ilr.fac1[1,1]        NaN        NaN
ilr.fac1[1,2]        NaN        NaN
ilr.fac1[2,1]  1.0005234  1.0010236
ilr.fac1[2,2]  1.0038854  1.0148090
ilr.fac1[3,1]  1.0009504  1.0023296
ilr.fac1[3,2]  1.0008981  1.0030409
ilr.fac1[4,1]  0.9999335  1.0008769
ilr.fac1[4,2]  0.9997669  0.9999442
ilr.fac1[5,1]  1.0003476  1.0008774
ilr.fac1[5,2]  0.9998650  1.0002637
ilr.fac1[6,1]  1.0001168  1.0009594
ilr.fac1[6,2]  1.0018798  1.0058739
ilr.fac1[7,1]  1.0000327  1.0008478
ilr.fac1[7,2]  1.0000742  1.0014440
ilr.fac1[8,1]  1.0024353  1.0097660
ilr.fac1[8,2]  1.0005122  1.0010625
ilr.fac1[9,1]  1.0000442  1.0004717
ilr.fac1[9,2]  1.0002376  1.0014563
loglik[1]      1.0012037  1.0056284
loglik[10]     1.0023309  1.0089836
loglik[100]    1.0003086  1.0024654
loglik[101]    1.0012073  1.0056590
loglik[102]    1.0002467  1.0022488
loglik[11]     1.0017872  1.0075133
loglik[12]     1.0013911  1.0051391
loglik[13]     1.0003487  1.0022624
loglik[14]     1.0014638  1.0057677
loglik[15]     1.0016626  1.0066265
loglik[16]     1.0014363  1.0057336
loglik[17]     1.0021224  1.0081382
loglik[18]     1.0000793  1.0007597
loglik[19]     1.0064533  1.0130894
loglik[2]      1.0020692  1.0088845
loglik[20]     1.0019551  1.0073740
loglik[21]     1.0006449  1.0034403
loglik[22]     1.0002933  1.0016512
loglik[23]     1.0022323  1.0081731
loglik[24]     0.9996942  0.9999793
loglik[25]     0.9999656  1.0011621
loglik[26]     1.0010344  1.0046991
loglik[27]     1.0022628  1.0082174
loglik[28]     1.0023413  1.0096524
loglik[29]     1.0017851  1.0065417
loglik[3]      0.9998230  1.0005535
loglik[30]     1.0021162  1.0080116
loglik[31]     1.0002398  1.0021700
loglik[32]     1.0005622  1.0023023
loglik[33]     1.0002480  1.0022103
loglik[34]     1.0000955  1.0011662
loglik[35]     1.0001207  1.0015329
loglik[36]     1.0001114  1.0014801
loglik[37]     1.0001595  1.0016397
loglik[38]     1.0002448  1.0020429
loglik[39]     1.0001821  1.0014433
loglik[4]      1.0020135  1.0087011
loglik[40]     1.0001851  1.0019116
loglik[41]     1.0028400  1.0042872
loglik[42]     1.0004799  1.0012336
loglik[43]     1.0014259  1.0054424
loglik[44]     1.0015229  1.0055506
loglik[45]     1.0002281  1.0019661
loglik[46]     1.0004527  1.0029593
loglik[47]     1.0012816  1.0050719
loglik[48]     1.0001518  1.0018716
loglik[49]     1.0005836  1.0031598
loglik[5]      1.0021829  1.0082432
loglik[50]     1.0007117  1.0034820
loglik[51]     1.0001386  1.0016945
loglik[52]     1.0000882  1.0013554
loglik[53]     1.0002145  1.0019482
loglik[54]     1.0007019  1.0034502
loglik[55]     1.0007974  1.0031194
loglik[56]     1.0007353  1.0027944
loglik[57]     1.0013607  1.0036965
loglik[58]     1.0017388  1.0044439
loglik[59]     0.9999870  1.0012694
loglik[6]      1.0020935  1.0083278
loglik[60]     1.0004069  1.0028360
loglik[61]     1.0004545  1.0021508
loglik[62]     1.0003177  1.0018879
loglik[63]     1.0006355  1.0030412
loglik[64]     1.0002329  1.0021214
loglik[65]     1.0013135  1.0035535
loglik[66]     1.0020393  1.0057409
loglik[67]     1.0003562  1.0019136
loglik[68]     1.0007770  1.0036388
loglik[69]     1.0004363  1.0028342
loglik[7]      0.9997126  1.0000512
loglik[70]     1.0006365  1.0035820
loglik[71]     1.0002280  1.0009132
loglik[72]     1.0033030  1.0035362
loglik[73]     1.0014703  1.0037339
loglik[74]     1.0002654  1.0012243
loglik[75]     1.0009361  1.0027986
loglik[76]     1.0004769  1.0019200
loglik[77]     1.0005053  1.0009052
loglik[78]     0.9997780  1.0004213
loglik[79]     1.0009561  1.0015176
loglik[8]      1.0014250  1.0058725
loglik[80]     0.9997729  1.0004266
loglik[81]     1.0021752  1.0049249
loglik[82]     1.0004310  1.0018187
loglik[83]     1.0020858  1.0046771
loglik[84]     1.0020322  1.0077826
loglik[85]     1.0009089  1.0015004
loglik[86]     1.0023931  1.0051716
loglik[87]     1.0002185  1.0011053
loglik[88]     0.9997171  0.9998656
loglik[89]     0.9998019  1.0002600
loglik[9]      1.0020763  1.0072622
loglik[90]     1.0010380  1.0021223
loglik[91]     0.9996732  1.0001375
loglik[92]     1.0002775  1.0011953
loglik[93]     0.9996654  1.0001092
loglik[94]     1.0024029  1.0096175
loglik[95]     1.0018571  1.0074016
loglik[96]     1.0020133  1.0078766
loglik[97]     1.0006835  1.0037262
loglik[98]     1.0018966  1.0076750
loglik[99]     1.0011412  1.0049940
p.fac1[1,1]    1.0015214  1.0019128
p.fac1[1,2]    1.0014061  1.0062012
p.fac1[1,3]    1.0023808  1.0094371
p.fac1[2,1]    1.0021691  1.0043908
p.fac1[2,2]    1.0002068  1.0020276
p.fac1[2,3]    1.0005062  1.0030506
p.fac1[3,1]    0.9999861  1.0007028
p.fac1[3,2]    1.0019109  1.0056034
p.fac1[3,3]    1.0021606  1.0070633
p.fac1[4,1]    1.0058329  1.0079677
p.fac1[4,2]    1.0003557  1.0013410
p.fac1[4,3]    1.0004430  1.0028940
p.fac1[5,1]    1.0000615  1.0005301
p.fac1[5,2]    1.0003309  1.0025448
p.fac1[5,3]    1.0005934  1.0033394
p.fac1[6,1]    0.9998367  1.0002642
p.fac1[6,2]    1.0001752  1.0018857
p.fac1[6,3]    1.0004468  1.0023461
p.fac1[7,1]    1.0000306  1.0000934
p.fac1[7,2]    0.9997660  1.0002425
p.fac1[7,3]    1.0003653  1.0018244
p.fac1[8,1]    1.0008175  1.0042802
p.fac1[8,2]    1.0004059  1.0019978
p.fac1[8,3]    1.0004864  1.0008303
p.fac1[9,1]    1.0006239  1.0012466
p.fac1[9,2]    1.0004782  1.0021450
p.fac1[9,3]    1.0003102  1.0017020
p.global[1]    1.0015214  1.0019128
p.global[2]    1.0014061  1.0062012
p.global[3]    1.0023808  1.0094371
resid.prop[1]  0.9996842  0.9997788
resid.prop[2]  1.0005169  1.0029183

################################################################################
# Geweke Diagnostic
################################################################################

The Geweke diagnostic is a standard z-score, so we'd expect 5% to be outside +/-1.96
Number of variables outside +/-1.96 in each chain (out of 
153
):


       Chain 1 Chain 2 Chain 3
Geweke      13       8       9


And here are the Geweke diagnostics for all variables:

              chain1 chain2 chain3
deviance      -1.455 -0.521  0.782
ilr.fac1[2,1]  1.070  0.387 -1.044
ilr.fac1[2,2]  0.486  0.051 -1.997
ilr.fac1[3,1] -0.592 -0.670 -0.033
ilr.fac1[3,2] -1.496 -0.829 -0.229
ilr.fac1[4,1] -0.209 -0.007 -1.000
ilr.fac1[4,2]  0.560  0.091  0.607
ilr.fac1[5,1]  1.592  2.116 -1.152
ilr.fac1[5,2] -0.440  0.930 -0.504
ilr.fac1[6,1]  0.134  1.531  1.345
ilr.fac1[6,2] -0.002  1.405  0.317
ilr.fac1[7,1]  1.075 -0.493  0.161
ilr.fac1[7,2] -0.059 -0.773 -0.552
ilr.fac1[8,1] -1.135  1.151  0.245
ilr.fac1[8,2] -2.540 -0.178  0.994
ilr.fac1[9,1]  0.818 -1.692  0.544
ilr.fac1[9,2]  1.800 -1.021 -0.852
loglik[1]      0.498 -0.264  0.112
loglik[10]    -0.603  0.424  0.085
loglik[100]    0.433  0.825  0.513
loglik[101]    1.280  0.192  0.251
loglik[102]    0.513  0.771  0.415
loglik[11]    -0.332  0.757 -0.413
loglik[12]     0.085  0.222  1.291
loglik[13]    -1.800  0.322 -1.591
loglik[14]    -1.610  0.360 -0.850
loglik[15]    -1.347  0.420 -0.762
loglik[16]    -1.587  0.370 -0.876
loglik[17]    -0.096  0.006  2.066
loglik[18]     0.500  0.087  1.325
loglik[19]    -0.487  0.835 -1.503
loglik[2]      0.494 -0.034 -0.132
loglik[20]    -0.694 -0.606 -0.559
loglik[21]    -0.797 -0.551  0.643
loglik[22]     1.037 -1.446  0.357
loglik[23]     0.992 -0.031  0.427
loglik[24]     0.274 -1.531 -0.656
loglik[25]     0.054  1.095  0.719
loglik[26]     1.282 -1.186 -0.082
loglik[27]     0.900 -0.094  0.404
loglik[28]     1.863 -0.803  0.318
loglik[29]     0.435  0.386  0.727
loglik[3]     -0.614 -0.222 -1.038
loglik[30]     1.012  0.082  0.445
loglik[31]    -0.501 -0.383 -1.404
loglik[32]     0.728  0.299  1.097
loglik[33]    -0.471 -0.395 -1.388
loglik[34]    -0.768 -0.301 -1.664
loglik[35]    -0.529 -0.394 -1.595
loglik[36]    -0.629 -0.359 -1.633
loglik[37]    -0.361 -0.451 -1.449
loglik[38]    -0.653 -0.313 -1.477
loglik[39]    -0.226 -0.476 -1.214
loglik[4]      0.426 -0.049 -0.284
loglik[40]    -0.472 -0.418 -1.376
loglik[41]     0.798 -0.129  1.141
loglik[42]     0.238 -0.573 -0.551
loglik[43]     2.043  0.209 -1.857
loglik[44]     1.574 -0.885 -1.377
loglik[45]     1.417  1.802 -1.071
loglik[46]    -1.144 -0.206  2.506
loglik[47]     2.176  0.621 -1.701
loglik[48]     1.572  1.660 -1.457
loglik[49]     1.734  1.186 -1.710
loglik[5]     -0.944  0.419 -0.318
loglik[50]     1.769  1.087 -1.733
loglik[51]     1.349  1.040 -0.916
loglik[52]     1.307  1.080 -0.530
loglik[53]     1.429  1.426 -1.314
loglik[54]     0.762 -0.131  0.856
loglik[55]     0.402 -0.452  0.378
loglik[56]     0.124 -0.464  0.254
loglik[57]    -0.415  0.524 -0.539
loglik[58]    -0.190  0.508 -0.475
loglik[59]    -0.208 -0.639 -0.576
loglik[6]      0.156  0.302  0.949
loglik[60]     0.522  0.246  1.148
loglik[61]    -0.131  0.075  0.500
loglik[62]    -0.217  0.235  0.605
loglik[63]     0.467 -0.091  0.736
loglik[64]     0.077  0.384  0.948
loglik[65]    -0.255  0.302 -0.469
loglik[66]     1.473 -0.384  0.715
loglik[67]    -0.195  0.188  0.543
loglik[68]     0.868 -0.204  0.825
loglik[69]     0.454  0.170  0.998
loglik[7]      0.214 -0.390 -0.117
loglik[70]     0.936 -0.037  1.097
loglik[71]     2.600  0.655 -2.133
loglik[72]    -0.305  0.035  1.770
loglik[73]     1.191  0.933 -0.618
loglik[74]     0.935 -0.633 -0.542
loglik[75]     1.573  0.788 -0.766
loglik[76]     2.028  0.329 -0.810
loglik[77]    -0.148  0.764  0.880
loglik[78]     0.736 -0.792 -0.563
loglik[79]    -1.950  0.994  2.103
loglik[8]     -1.448  0.411 -0.904
loglik[80]     0.720 -1.033 -0.582
loglik[81]    -1.033  1.351  0.961
loglik[82]     2.066  0.289 -0.822
loglik[83]     0.684  1.202 -0.369
loglik[84]    -0.236  0.311  0.811
loglik[85]    -2.292 -0.663  2.661
loglik[86]     0.399  1.489 -0.271
loglik[87]     1.183 -1.062 -0.522
loglik[88]     0.697  0.325  0.528
loglik[89]     0.449 -0.651 -0.326
loglik[9]     -0.647  0.261  0.662
loglik[90]     0.186 -0.104  0.050
loglik[91]     0.543 -0.406 -0.308
loglik[92]     2.716  0.368 -2.077
loglik[93]     0.518 -0.356 -0.274
loglik[94]     1.659 -0.417  0.253
loglik[95]     0.998  0.217  0.479
loglik[96]     1.077  0.120  0.440
loglik[97]     1.063  0.271  0.176
loglik[98]     1.149  0.141  0.407
loglik[99]     0.391  0.622  0.765
p.fac1[1,1]    1.843  1.863  0.013
p.fac1[1,2]   -1.954 -1.195  0.583
p.fac1[1,3]    0.904  0.770 -0.860
p.fac1[2,1]    1.979  1.750 -1.592
p.fac1[2,2]   -1.671 -0.854 -0.800
p.fac1[2,3]    1.496  0.387  1.263
p.fac1[3,1]    1.459  1.543 -0.369
p.fac1[3,2]   -1.882 -1.258  0.699
p.fac1[3,3]    1.522  1.030 -0.694
p.fac1[4,1]    1.449  1.565 -0.122
p.fac1[4,2]   -0.967 -2.042  1.442
p.fac1[4,3]    0.392  0.884 -2.163
p.fac1[5,1]    1.862  2.658 -0.224
p.fac1[5,2]   -3.337 -3.095  1.855
p.fac1[5,3]    3.098  1.945 -2.225
p.fac1[6,1]    2.089  2.765  0.828
p.fac1[6,2]   -1.830 -1.705 -0.275
p.fac1[6,3]    1.056  0.845 -0.149
p.fac1[7,1]    1.737  1.177  0.177
p.fac1[7,2]   -1.384 -1.447  0.132
p.fac1[7,3]    0.895  0.985 -0.549
p.fac1[8,1]    0.343  2.551  0.210
p.fac1[8,2]   -1.873 -2.047  0.600
p.fac1[8,3]    2.450  1.547 -1.647
p.fac1[9,1]    1.248  0.397 -0.570
p.fac1[9,2]   -0.236 -0.496 -0.353
p.fac1[9,3]   -1.269  0.405  0.998
p.global[1]    1.843  1.863  0.013
p.global[2]   -1.954 -1.195  0.583
p.global[3]    0.904  0.770 -0.860
resid.prop[1]  0.226 -0.034  0.630
resid.prop[2] -0.248  3.087  1.124
