
#################################################################
# Summary Statistics
#################################################################

DIC = 459.5314

                         Mean    SD  2.5%    5%   25%    50%    75%    95%  97.5%
Epsilon.1               2.896 1.638 0.720 0.915 1.702  2.548  3.760  6.120  6.960
Epsilon.2              11.434 3.962 4.320 5.143 8.503 11.257 14.384 18.294 19.002
p.Year 2012.Bay         0.042 0.027 0.006 0.008 0.022  0.037  0.056  0.093  0.108
p.Year 2013.Bay         0.041 0.044 0.002 0.003 0.011  0.026  0.056  0.131  0.161
p.Year 2014.Bay         0.059 0.046 0.003 0.004 0.020  0.048  0.086  0.148  0.170
p.Year 2015.Bay         0.040 0.040 0.002 0.003 0.012  0.027  0.056  0.120  0.150
p.Year 2017.Bay         0.059 0.044 0.002 0.004 0.022  0.051  0.088  0.141  0.157
p.Year 2018.Bay         0.049 0.041 0.002 0.004 0.015  0.038  0.072  0.130  0.152
p.Year 2019.Bay         0.095 0.059 0.004 0.008 0.045  0.095  0.136  0.194  0.213
p.Year 2020.Bay         0.070 0.053 0.003 0.005 0.025  0.060  0.108  0.168  0.187
p.Year 2021.Bay         0.049 0.061 0.001 0.002 0.009  0.025  0.067  0.180  0.215
p.Year 2012.Ecotone     0.606 0.083 0.433 0.464 0.552  0.609  0.661  0.740  0.765
p.Year 2013.Ecotone     0.610 0.175 0.259 0.312 0.487  0.609  0.740  0.898  0.934
p.Year 2014.Ecotone     0.459 0.102 0.231 0.288 0.396  0.464  0.527  0.613  0.639
p.Year 2015.Ecotone     0.579 0.114 0.353 0.396 0.511  0.578  0.649  0.763  0.803
p.Year 2017.Ecotone     0.306 0.097 0.112 0.147 0.238  0.307  0.371  0.463  0.498
p.Year 2018.Ecotone     0.426 0.105 0.196 0.243 0.365  0.434  0.494  0.588  0.614
p.Year 2019.Ecotone     0.322 0.116 0.113 0.140 0.238  0.318  0.403  0.515  0.551
p.Year 2020.Ecotone     0.339 0.118 0.115 0.144 0.255  0.341  0.421  0.525  0.564
p.Year 2021.Ecotone     0.822 0.108 0.570 0.620 0.757  0.841  0.904  0.964  0.972
p.Year 2012.Freshwater  0.352 0.072 0.210 0.232 0.304  0.350  0.400  0.469  0.495
p.Year 2013.Freshwater  0.349 0.161 0.054 0.083 0.226  0.351  0.463  0.613  0.657
p.Year 2014.Freshwater  0.483 0.072 0.340 0.363 0.436  0.484  0.532  0.599  0.625
p.Year 2015.Freshwater  0.381 0.095 0.174 0.212 0.323  0.387  0.441  0.531  0.559
p.Year 2017.Freshwater  0.635 0.074 0.480 0.509 0.586  0.640  0.688  0.749  0.771
p.Year 2018.Freshwater  0.525 0.080 0.364 0.391 0.475  0.525  0.577  0.658  0.686
p.Year 2019.Freshwater  0.583 0.078 0.420 0.448 0.533  0.589  0.636  0.700  0.717
p.Year 2020.Freshwater  0.591 0.088 0.414 0.444 0.535  0.595  0.652  0.729  0.753
p.Year 2021.Freshwater  0.129 0.079 0.017 0.024 0.068  0.115  0.180  0.277  0.315
