
#################################################################
# Summary Statistics
#################################################################

DIC = 237.3393

                        Mean    SD  2.5%    5%   25%   50%   75%   95% 97.5%
Epsilon.1              0.539 0.116 0.343 0.368 0.458 0.527 0.612 0.748 0.789
Epsilon.2              2.604 0.559 1.684 1.805 2.202 2.559 2.934 3.602 3.848
p.Year 2012.Estuarine  0.045 0.037 0.002 0.004 0.017 0.035 0.062 0.117 0.138
p.Year 2013.Estuarine  0.079 0.112 0.001 0.002 0.011 0.034 0.095 0.324 0.435
p.Year 2014.Estuarine  0.033 0.035 0.001 0.002 0.009 0.020 0.045 0.103 0.127
p.Year 2015.Estuarine  0.029 0.031 0.001 0.002 0.008 0.019 0.040 0.090 0.112
p.Year 2017.Estuarine  0.054 0.055 0.001 0.002 0.012 0.035 0.079 0.167 0.199
p.Year 2018.Estuarine  0.042 0.045 0.001 0.002 0.010 0.027 0.058 0.134 0.161
p.Year 2019.Estuarine  0.069 0.067 0.001 0.002 0.017 0.047 0.102 0.202 0.246
p.Year 2020.Estuarine  0.073 0.074 0.001 0.002 0.015 0.047 0.112 0.220 0.256
p.Year 2021.Estuarine  0.100 0.137 0.001 0.002 0.014 0.043 0.127 0.389 0.521
p.Year 2012.Freshwater 0.742 0.063 0.611 0.633 0.702 0.745 0.786 0.839 0.851
p.Year 2013.Freshwater 0.692 0.133 0.354 0.438 0.626 0.712 0.781 0.876 0.904
p.Year 2014.Freshwater 0.681 0.046 0.581 0.602 0.653 0.683 0.712 0.752 0.764
p.Year 2015.Freshwater 0.634 0.058 0.519 0.537 0.595 0.636 0.675 0.724 0.739
p.Year 2017.Freshwater 0.772 0.059 0.646 0.668 0.735 0.776 0.813 0.861 0.878
p.Year 2018.Freshwater 0.739 0.050 0.630 0.651 0.709 0.744 0.773 0.813 0.825
p.Year 2019.Freshwater 0.704 0.066 0.563 0.588 0.662 0.708 0.750 0.806 0.821
p.Year 2020.Freshwater 0.728 0.073 0.570 0.599 0.684 0.736 0.779 0.838 0.856
p.Year 2021.Freshwater 0.293 0.111 0.085 0.112 0.212 0.293 0.374 0.473 0.504
p.Year 2012.Seagrass   0.214 0.057 0.116 0.130 0.175 0.209 0.247 0.318 0.337
p.Year 2013.Seagrass   0.229 0.103 0.052 0.077 0.162 0.220 0.282 0.411 0.470
p.Year 2014.Seagrass   0.286 0.042 0.207 0.222 0.258 0.285 0.315 0.358 0.370
p.Year 2015.Seagrass   0.338 0.055 0.232 0.252 0.301 0.334 0.373 0.429 0.451
p.Year 2017.Seagrass   0.174 0.047 0.082 0.099 0.144 0.173 0.204 0.252 0.268
p.Year 2018.Seagrass   0.219 0.041 0.140 0.152 0.191 0.218 0.246 0.289 0.301
p.Year 2019.Seagrass   0.227 0.050 0.129 0.145 0.193 0.227 0.260 0.312 0.326
p.Year 2020.Seagrass   0.198 0.054 0.095 0.110 0.161 0.198 0.233 0.288 0.308
p.Year 2021.Seagrass   0.607 0.139 0.302 0.375 0.525 0.610 0.703 0.821 0.856
