
################################################################################
# Gelman-Rubin Diagnostic
################################################################################

Generally the Gelman diagnostic should be < 1.05


Out of 139 variables: 0 > 1.01

                      
0 > 1.05

                      
0 > 1.1


The worst variables are:

              Point est. Upper C.I.
p.fac1[3,1]     1.007834   1.020962
loglik[4]       1.004321   1.012067
loglik[5]       1.003731   1.011141
p.fac1[6,1]     1.003393   1.009730
p.fac1[5,1]     1.003331   1.011576
p.fac1[2,1]     1.003172   1.006832
p.fac1[1,1]     1.003006   1.011464
p.global[1]     1.003006   1.011464
loglik[70]      1.002553   1.008650
ilr.fac1[7,1]   1.002513   1.007576


And here are the Gelman diagnostics for all variables:

              Point est. Upper C.I.
deviance       1.0008143  1.0011880
ilr.fac1[1,1]        NaN        NaN
ilr.fac1[1,2]        NaN        NaN
ilr.fac1[2,1]  0.9999292  1.0003755
ilr.fac1[2,2]  1.0008052  1.0037705
ilr.fac1[3,1]  0.9998430  1.0007099
ilr.fac1[3,2]  1.0014467  1.0056208
ilr.fac1[4,1]  1.0020328  1.0074158
ilr.fac1[4,2]  0.9999284  1.0007641
ilr.fac1[5,1]  0.9999894  1.0007790
ilr.fac1[5,2]  1.0005546  1.0033048
ilr.fac1[6,1]  0.9997185  0.9999137
ilr.fac1[6,2]  1.0007042  1.0033039
ilr.fac1[7,1]  1.0025128  1.0075758
ilr.fac1[7,2]  1.0002314  1.0010994
ilr.fac1[8,1]  1.0002496  1.0021411
ilr.fac1[8,2]  1.0001269  1.0014095
ilr.fac1[9,1]  1.0000285  1.0011960
ilr.fac1[9,2]  1.0000989  1.0013259
loglik[1]      1.0014866  1.0067815
loglik[10]     1.0011291  1.0032644
loglik[11]     0.9996531  0.9997042
loglik[12]     1.0006511  1.0006611
loglik[13]     1.0005492  1.0007198
loglik[14]     1.0011830  1.0034804
loglik[15]     1.0002427  1.0004520
loglik[16]     1.0004626  1.0007284
loglik[17]     0.9997163  1.0001238
loglik[18]     0.9999491  1.0003791
loglik[19]     0.9996948  1.0000542
loglik[2]      1.0013175  1.0061569
loglik[20]     0.9999050  1.0008669
loglik[21]     0.9996509  0.9999790
loglik[22]     0.9997241  1.0002847
loglik[23]     0.9995689  0.9996337
loglik[24]     0.9998869  1.0006123
loglik[25]     0.9996007  0.9996072
loglik[26]     0.9996033  0.9998730
loglik[27]     0.9997041  0.9999560
loglik[28]     1.0002062  1.0008992
loglik[29]     1.0003724  1.0006106
loglik[3]      1.0012260  1.0037662
loglik[30]     1.0003936  1.0005030
loglik[31]     0.9999986  1.0010756
loglik[32]     0.9999145  1.0000940
loglik[33]     1.0000018  1.0001452
loglik[34]     1.0000757  1.0010877
loglik[35]     0.9997758  1.0003887
loglik[36]     0.9998212  1.0003616
loglik[37]     0.9998334  1.0004945
loglik[38]     0.9998167  1.0004186
loglik[39]     0.9999489  1.0007610
loglik[4]      1.0043214  1.0120674
loglik[40]     1.0002209  1.0018453
loglik[41]     0.9999061  1.0009432
loglik[42]     0.9998119  1.0004734
loglik[43]     1.0000783  1.0016201
loglik[44]     1.0002043  1.0019375
loglik[45]     1.0000229  1.0014116
loglik[46]     1.0004328  1.0014095
loglik[47]     1.0000251  1.0005762
loglik[48]     1.0001849  1.0007403
loglik[49]     1.0001287  1.0014694
loglik[5]      1.0037307  1.0111408
loglik[50]     1.0007338  1.0016019
loglik[51]     0.9999353  1.0010221
loglik[52]     0.9997626  0.9998801
loglik[53]     1.0001127  1.0006216
loglik[54]     1.0001832  1.0018121
loglik[55]     1.0005213  1.0018810
loglik[56]     1.0001715  1.0014433
loglik[57]     0.9998069  0.9998292
loglik[58]     1.0001809  1.0016657
loglik[59]     0.9995975  0.9996498
loglik[6]      1.0017953  1.0049342
loglik[60]     1.0016493  1.0023937
loglik[61]     0.9997110  1.0000412
loglik[62]     0.9996967  1.0001687
loglik[63]     0.9999965  1.0002736
loglik[64]     1.0008426  1.0026045
loglik[65]     1.0008992  1.0042025
loglik[66]     1.0003148  1.0018966
loglik[67]     1.0003092  1.0023895
loglik[68]     0.9997289  1.0002606
loglik[69]     0.9997458  1.0001681
loglik[7]      0.9998406  1.0007028
loglik[70]     1.0025529  1.0086499
loglik[71]     1.0001260  1.0009083
loglik[72]     0.9998872  1.0008152
loglik[73]     1.0006243  1.0019644
loglik[74]     1.0005229  1.0007910
loglik[75]     1.0002792  1.0013712
loglik[76]     1.0001154  1.0002095
loglik[77]     1.0008504  1.0020344
loglik[78]     1.0003374  1.0014089
loglik[79]     1.0008597  1.0019750
loglik[8]      1.0008540  1.0015827
loglik[80]     1.0010278  1.0024575
loglik[81]     1.0002763  1.0005588
loglik[82]     1.0004058  1.0007488
loglik[83]     0.9998311  1.0002886
loglik[84]     1.0003411  1.0007646
loglik[85]     0.9999372  1.0000636
loglik[86]     0.9996285  0.9996478
loglik[87]     1.0000188  1.0006226
loglik[88]     0.9996057  0.9996273
loglik[9]      1.0005327  1.0007268
p.fac1[1,1]    1.0030062  1.0114635
p.fac1[1,2]    1.0022900  1.0092653
p.fac1[1,3]    1.0006884  1.0037289
p.fac1[2,1]    1.0031717  1.0068324
p.fac1[2,2]    1.0019536  1.0061985
p.fac1[2,3]    1.0013486  1.0044168
p.fac1[3,1]    1.0078344  1.0209618
p.fac1[3,2]    0.9998293  1.0005314
p.fac1[3,3]    1.0012734  1.0057605
p.fac1[4,1]    1.0002666  1.0018503
p.fac1[4,2]    0.9999267  1.0001421
p.fac1[4,3]    1.0003800  1.0018140
p.fac1[5,1]    1.0033314  1.0115760
p.fac1[5,2]    1.0000866  1.0012205
p.fac1[5,3]    1.0012877  1.0054059
p.fac1[6,1]    1.0033932  1.0097304
p.fac1[6,2]    1.0002889  1.0015327
p.fac1[6,3]    1.0004776  1.0026597
p.fac1[7,1]    1.0010634  1.0033473
p.fac1[7,2]    1.0004428  1.0008411
p.fac1[7,3]    1.0001460  1.0016193
p.fac1[8,1]    1.0009316  1.0047537
p.fac1[8,2]    1.0002743  1.0015735
p.fac1[8,3]    1.0004192  1.0026676
p.fac1[9,1]    1.0019092  1.0061364
p.fac1[9,2]    0.9998413  1.0007044
p.fac1[9,3]    1.0007238  1.0039729
p.global[1]    1.0030062  1.0114635
p.global[2]    1.0022900  1.0092653
p.global[3]    1.0006884  1.0037289
resid.prop[1]  1.0000236  1.0000374
resid.prop[2]  0.9995649  0.9997119

################################################################################
# Geweke Diagnostic
################################################################################

The Geweke diagnostic is a standard z-score, so we'd expect 5% to be outside +/-1.96
Number of variables outside +/-1.96 in each chain (out of 
139
):


       Chain 1 Chain 2 Chain 3
Geweke       1       4       5


And here are the Geweke diagnostics for all variables:

              chain1 chain2 chain3
deviance      -0.109  0.127 -0.185
ilr.fac1[2,1]  1.458  0.710 -0.687
ilr.fac1[2,2]  0.023  2.215 -0.140
ilr.fac1[3,1] -0.185  0.859 -0.645
ilr.fac1[3,2]  0.116  1.473 -1.101
ilr.fac1[4,1] -0.653 -0.489  1.465
ilr.fac1[4,2] -0.381  0.824  0.542
ilr.fac1[5,1] -1.999 -0.039 -1.846
ilr.fac1[5,2] -0.799  1.823 -2.130
ilr.fac1[6,1]  0.086  1.009 -0.041
ilr.fac1[6,2]  0.272  2.359 -0.546
ilr.fac1[7,1]  0.490 -1.555 -1.124
ilr.fac1[7,2]  1.247 -0.533 -1.545
ilr.fac1[8,1]  0.092 -0.135 -0.013
ilr.fac1[8,2]  0.216  1.581 -0.487
ilr.fac1[9,1] -0.037  0.222 -0.518
ilr.fac1[9,2]  0.118  0.906 -0.869
loglik[1]     -0.089 -2.038  0.549
loglik[10]    -0.382  0.367  0.716
loglik[11]     0.699 -0.335 -0.821
loglik[12]    -0.841  0.526  2.039
loglik[13]    -0.023  0.209  1.096
loglik[14]    -0.691  0.070  1.948
loglik[15]     0.441  0.189  0.405
loglik[16]     0.115  0.030  0.671
loglik[17]     0.643  0.535 -1.162
loglik[18]     0.126 -0.943 -0.274
loglik[19]     0.601  0.546 -1.103
loglik[2]     -0.081 -1.946  0.520
loglik[20]     1.013  0.671 -0.952
loglik[21]     0.633  0.655 -0.625
loglik[22]     0.805  0.615 -0.861
loglik[23]     0.300  0.720 -0.172
loglik[24]     0.854  0.750 -1.476
loglik[25]    -0.041  0.759  0.470
loglik[26]     0.581  0.630 -0.770
loglik[27]    -0.471  0.170  1.176
loglik[28]    -1.038  0.719  1.993
loglik[29]     1.234  0.743  0.221
loglik[3]     -1.608  1.315  0.481
loglik[30]     1.500  0.993 -0.253
loglik[31]    -0.772 -0.846  1.152
loglik[32]    -1.129 -0.849 -0.353
loglik[33]     1.663  1.076  0.408
loglik[34]    -0.331 -0.546  1.238
loglik[35]     0.508  0.073  0.756
loglik[36]     0.674  0.210  0.682
loglik[37]    -1.225 -1.065  0.560
loglik[38]    -1.453 -1.206  0.441
loglik[39]    -1.025 -0.924  0.939
loglik[4]      0.269  1.368  0.444
loglik[40]    -0.588  0.141  1.533
loglik[41]    -0.327 -0.140  0.797
loglik[42]    -0.257 -0.415  0.070
loglik[43]     0.539  1.084 -0.129
loglik[44]     0.466  1.343  0.374
loglik[45]     0.273  0.543 -1.249
loglik[46]    -0.447  0.056  0.449
loglik[47]    -0.190 -0.534 -0.311
loglik[48]    -0.173 -0.445 -0.357
loglik[49]    -0.325 -0.138  0.608
loglik[5]      1.366 -0.232 -0.579
loglik[50]    -0.319 -0.226 -0.054
loglik[51]     0.475  1.231 -0.135
loglik[52]    -0.048  1.391  1.195
loglik[53]    -0.165 -0.531 -0.391
loglik[54]    -0.597  0.234  1.773
loglik[55]    -0.390 -0.034  0.537
loglik[56]    -0.632  0.385  1.184
loglik[57]    -1.210  0.976  0.572
loglik[58]     1.199 -0.499 -1.969
loglik[59]    -0.913 -1.201  1.559
loglik[6]      0.117  0.005 -0.540
loglik[60]    -1.103  1.584  1.450
loglik[61]    -1.193 -0.825  1.491
loglik[62]    -0.968 -0.553  1.080
loglik[63]    -0.382  1.240  0.598
loglik[64]    -0.529  0.548  0.851
loglik[65]     0.988  0.061 -0.219
loglik[66]    -0.042 -0.036  0.341
loglik[67]    -0.403 -1.664  0.668
loglik[68]    -0.987 -0.510  1.171
loglik[69]    -0.817 -1.415  1.495
loglik[7]     -0.082  0.670  0.167
loglik[70]     0.716  0.476 -0.147
loglik[71]     0.651 -0.736 -0.934
loglik[72]    -0.929 -1.552  1.462
loglik[73]     0.149  0.021  0.627
loglik[74]    -0.179  0.964  0.915
loglik[75]    -0.124  0.086  0.139
loglik[76]    -0.817  1.276  1.005
loglik[77]    -0.567  0.690  0.655
loglik[78]    -1.012  1.316  0.190
loglik[79]    -0.565  0.703  0.630
loglik[8]     -0.906  0.615  2.094
loglik[80]    -0.408 -0.068  1.371
loglik[81]     0.210 -0.108  0.337
loglik[82]     0.126 -0.074  0.502
loglik[83]     0.237 -0.645 -0.507
loglik[84]     0.128 -0.169  0.354
loglik[85]     0.528 -0.078 -0.138
loglik[86]     0.564 -0.416 -0.666
loglik[87]     0.157 -0.458 -0.207
loglik[88]     0.535 -0.488 -0.719
loglik[9]      0.034  0.162  0.962
p.fac1[1,1]    1.147  0.463  0.266
p.fac1[1,2]   -0.572 -1.420  0.311
p.fac1[1,3]   -0.289  1.337 -0.454
p.fac1[2,1]    1.466  0.796  0.397
p.fac1[2,2]   -1.797  0.938  0.359
p.fac1[2,3]    0.642 -2.889 -1.037
p.fac1[3,1]    0.930  0.453  0.068
p.fac1[3,2]    0.240 -0.337 -0.442
p.fac1[3,3]   -1.121  0.023  0.373
p.fac1[4,1]    0.243  0.941  1.208
p.fac1[4,2]    0.463  0.065 -1.346
p.fac1[4,3]   -0.592 -0.807  0.444
p.fac1[5,1]   -0.096 -0.085 -1.023
p.fac1[5,2]    1.509  1.040  0.503
p.fac1[5,3]   -1.731 -1.256  0.733
p.fac1[6,1]    1.032  0.752  0.695
p.fac1[6,2]   -0.436 -1.098 -0.864
p.fac1[6,3]   -0.534  0.073 -0.190
p.fac1[7,1]    1.346 -0.211 -0.013
p.fac1[7,2]   -0.200 -0.159 -0.221
p.fac1[7,3]   -1.799  0.886  0.289
p.fac1[8,1]    1.684  0.680 -0.297
p.fac1[8,2]   -1.477  0.077  0.550
p.fac1[8,3]   -0.484 -1.649 -0.112
p.fac1[9,1]    0.829  0.525 -0.553
p.fac1[9,2]   -0.107 -0.676  0.215
p.fac1[9,3]   -0.760 -0.193  0.403
p.global[1]    1.147  0.463  0.266
p.global[2]   -0.572 -1.420  0.311
p.global[3]   -0.289  1.337 -0.454
resid.prop[1]  1.220 -0.669 -0.588
resid.prop[2]  1.621  0.445 -1.285
