
################################################################################
# Gelman-Rubin Diagnostic
################################################################################

Generally the Gelman diagnostic should be < 1.05


Out of 153 variables: 0 > 1.01

                      
0 > 1.05

                      
0 > 1.1


The worst variables are:

            Point est. Upper C.I.
p.fac1[8,1]   1.006641   1.015526
p.fac1[9,1]   1.005463   1.010352
p.fac1[1,1]   1.004924   1.014460
p.global[1]   1.004924   1.014460
p.fac1[3,1]   1.004588   1.009466
loglik[19]    1.003779   1.004780
loglik[65]    1.003474   1.004984
loglik[100]   1.003311   1.009447
loglik[78]    1.003073   1.004984
loglik[64]    1.003068   1.004987


And here are the Gelman diagnostics for all variables:

              Point est. Upper C.I.
deviance       0.9997803  1.0000658
ilr.fac1[1,1]        NaN        NaN
ilr.fac1[1,2]        NaN        NaN
ilr.fac1[2,1]  1.0011190  1.0024945
ilr.fac1[2,2]  1.0007303  1.0039985
ilr.fac1[3,1]  1.0000726  1.0009664
ilr.fac1[3,2]  0.9997404  1.0000646
ilr.fac1[4,1]  0.9999907  1.0012236
ilr.fac1[4,2]  0.9999974  1.0011614
ilr.fac1[5,1]  1.0002728  1.0014043
ilr.fac1[5,2]  1.0001725  1.0010897
ilr.fac1[6,1]  1.0018619  1.0070537
ilr.fac1[6,2]  1.0008255  1.0040433
ilr.fac1[7,1]  0.9999711  1.0007462
ilr.fac1[7,2]  1.0004649  1.0022678
ilr.fac1[8,1]  0.9999660  1.0009771
ilr.fac1[8,2]  1.0001622  1.0016002
ilr.fac1[9,1]  0.9999391  1.0008957
ilr.fac1[9,2]  1.0004790  1.0005314
loglik[1]      1.0001289  1.0011700
loglik[10]     1.0005439  1.0023835
loglik[100]    1.0033112  1.0094472
loglik[101]    1.0006029  1.0010884
loglik[102]    0.9999000  1.0001466
loglik[11]     1.0000221  1.0006382
loglik[12]     0.9998077  1.0003059
loglik[13]     1.0002640  1.0018649
loglik[14]     0.9996439  0.9999111
loglik[15]     0.9997786  1.0001872
loglik[16]     0.9998289  1.0003276
loglik[17]     0.9997778  1.0001918
loglik[18]     1.0017645  1.0023826
loglik[19]     1.0037785  1.0047803
loglik[2]      0.9996481  0.9996720
loglik[20]     1.0013521  1.0033653
loglik[21]     1.0000416  1.0007059
loglik[22]     1.0007135  1.0031277
loglik[23]     1.0016690  1.0071333
loglik[24]     1.0012915  1.0024640
loglik[25]     1.0015104  1.0054655
loglik[26]     1.0002752  1.0022688
loglik[27]     1.0011882  1.0052824
loglik[28]     1.0004756  1.0005545
loglik[29]     1.0013922  1.0051685
loglik[3]      1.0002465  1.0012285
loglik[30]     1.0003278  1.0015522
loglik[31]     1.0018626  1.0062646
loglik[32]     1.0017916  1.0060353
loglik[33]     1.0016946  1.0058478
loglik[34]     1.0015260  1.0060182
loglik[35]     1.0015759  1.0060887
loglik[36]     1.0018091  1.0061634
loglik[37]     1.0014581  1.0058254
loglik[38]     1.0013447  1.0054545
loglik[39]     1.0017148  1.0059618
loglik[4]      1.0012270  1.0052291
loglik[40]     1.0008717  1.0035592
loglik[41]     0.9997687  1.0003657
loglik[42]     0.9998371  1.0002666
loglik[43]     0.9997762  1.0004126
loglik[44]     0.9997935  1.0002132
loglik[45]     0.9999863  1.0007161
loglik[46]     0.9998447  1.0004139
loglik[47]     1.0004039  1.0014376
loglik[48]     0.9997884  1.0002027
loglik[49]     1.0011933  1.0025359
loglik[5]      0.9996514  0.9996591
loglik[50]     0.9998914  1.0006315
loglik[51]     1.0005230  1.0023349
loglik[52]     1.0015012  1.0025725
loglik[53]     1.0008177  1.0026181
loglik[54]     1.0004736  1.0019939
loglik[55]     1.0004143  1.0023072
loglik[56]     1.0006349  1.0031729
loglik[57]     1.0004254  1.0022342
loglik[58]     1.0008466  1.0028909
loglik[59]     1.0009923  1.0029758
loglik[6]      0.9999540  1.0005658
loglik[60]     1.0009546  1.0029204
loglik[61]     1.0012105  1.0027971
loglik[62]     1.0009847  1.0024802
loglik[63]     1.0010998  1.0030252
loglik[64]     1.0030683  1.0049871
loglik[65]     1.0034740  1.0049839
loglik[66]     1.0025673  1.0040185
loglik[67]     0.9999301  1.0010011
loglik[68]     0.9997653  1.0002274
loglik[69]     1.0005414  1.0010962
loglik[7]      1.0000342  1.0002199
loglik[70]     1.0014633  1.0032160
loglik[71]     1.0012752  1.0030340
loglik[72]     1.0010804  1.0029601
loglik[73]     1.0030303  1.0047780
loglik[74]     1.0015625  1.0034511
loglik[75]     0.9998888  1.0003630
loglik[76]     1.0001001  1.0014465
loglik[77]     1.0010528  1.0029057
loglik[78]     1.0030726  1.0049842
loglik[79]     1.0023502  1.0042296
loglik[8]      1.0020266  1.0083673
loglik[80]     1.0013724  1.0035233
loglik[81]     1.0003978  1.0004636
loglik[82]     1.0013225  1.0035322
loglik[83]     1.0003860  1.0004525
loglik[84]     1.0003906  1.0010809
loglik[85]     1.0000808  1.0002352
loglik[86]     1.0004828  1.0009786
loglik[87]     1.0001538  1.0008038
loglik[88]     1.0000486  1.0010900
loglik[89]     1.0017130  1.0037594
loglik[9]      0.9997912  1.0002516
loglik[90]     1.0001715  1.0006824
loglik[91]     0.9998666  1.0002335
loglik[92]     0.9998290  1.0000580
loglik[93]     1.0005600  1.0011516
loglik[94]     0.9998754  0.9999626
loglik[95]     1.0018796  1.0062124
loglik[96]     1.0001512  1.0017679
loglik[97]     0.9999090  1.0000043
loglik[98]     1.0000501  1.0008411
loglik[99]     1.0008020  1.0015518
p.fac1[1,1]    1.0049242  1.0144601
p.fac1[1,2]    1.0004789  1.0026781
p.fac1[1,3]    0.9996372  0.9998947
p.fac1[2,1]    1.0008279  1.0041706
p.fac1[2,2]    1.0001566  1.0003289
p.fac1[2,3]    1.0007177  1.0031148
p.fac1[3,1]    1.0045884  1.0094659
p.fac1[3,2]    1.0017226  1.0073531
p.fac1[3,3]    1.0007399  1.0037770
p.fac1[4,1]    0.9998398  1.0001196
p.fac1[4,2]    0.9997962  1.0003290
p.fac1[4,3]    0.9996274  0.9999624
p.fac1[5,1]    1.0003211  1.0011832
p.fac1[5,2]    1.0001161  1.0017039
p.fac1[5,3]    1.0000092  1.0003318
p.fac1[6,1]    0.9996427  0.9997616
p.fac1[6,2]    1.0012280  1.0025886
p.fac1[6,3]    1.0002266  1.0014047
p.fac1[7,1]    1.0020333  1.0041251
p.fac1[7,2]    0.9997714  1.0002950
p.fac1[7,3]    1.0003590  1.0022741
p.fac1[8,1]    1.0066414  1.0155260
p.fac1[8,2]    1.0019728  1.0053037
p.fac1[8,3]    0.9999430  1.0010547
p.fac1[9,1]    1.0054628  1.0103524
p.fac1[9,2]    0.9996547  0.9996892
p.fac1[9,3]    1.0005545  1.0033102
p.global[1]    1.0049242  1.0144601
p.global[2]    1.0004789  1.0026781
p.global[3]    0.9996372  0.9998947
resid.prop[1]  1.0001234  1.0003287
resid.prop[2]  1.0011616  1.0045167

################################################################################
# Geweke Diagnostic
################################################################################

The Geweke diagnostic is a standard z-score, so we'd expect 5% to be outside +/-1.96
Number of variables outside +/-1.96 in each chain (out of 
153
):


       Chain 1 Chain 2 Chain 3
Geweke       1       7       8


And here are the Geweke diagnostics for all variables:

              chain1 chain2 chain3
deviance       0.148 -0.955  0.608
ilr.fac1[2,1]  0.111 -0.766  0.600
ilr.fac1[2,2]  0.314 -0.220  1.443
ilr.fac1[3,1]  1.041  0.808 -0.732
ilr.fac1[3,2]  0.966  0.108 -0.571
ilr.fac1[4,1] -0.206  0.357 -1.336
ilr.fac1[4,2] -0.567 -0.284 -0.869
ilr.fac1[5,1] -0.750  2.175 -0.671
ilr.fac1[5,2] -0.098  1.211 -1.205
ilr.fac1[6,1] -1.143 -0.205  0.199
ilr.fac1[6,2] -1.135 -1.318  0.055
ilr.fac1[7,1]  0.453 -0.520 -0.975
ilr.fac1[7,2]  0.126 -0.438 -1.161
ilr.fac1[8,1] -0.822 -1.114 -0.306
ilr.fac1[8,2] -0.812 -1.101 -0.711
ilr.fac1[9,1] -1.164 -1.892 -0.747
ilr.fac1[9,2] -0.279 -2.570 -1.307
loglik[1]     -0.886 -1.732  0.573
loglik[10]     1.260  2.432 -0.761
loglik[100]   -0.537 -0.118 -0.494
loglik[101]    0.033 -0.335  0.178
loglik[102]    1.070  1.495 -0.808
loglik[11]     0.896  2.215 -0.509
loglik[12]     0.480  1.790  0.026
loglik[13]     0.794  1.489 -1.066
loglik[14]     0.229  1.275  0.309
loglik[15]     0.506  1.662 -0.013
loglik[16]     0.522  1.782 -0.005
loglik[17]     0.492  1.661  0.007
loglik[18]     0.614  1.290  0.879
loglik[19]     0.815  1.126  0.344
loglik[2]     -1.120 -1.560  1.383
loglik[20]     0.205 -0.908 -0.187
loglik[21]    -0.593 -1.609 -0.699
loglik[22]    -1.605  0.057  0.886
loglik[23]    -1.043 -0.244 -0.423
loglik[24]     0.785  0.650 -1.883
loglik[25]     1.770 -0.029 -1.413
loglik[26]    -0.827  0.389 -0.380
loglik[27]     1.097 -0.545  0.183
loglik[28]     1.146  0.779 -1.992
loglik[29]     1.773  0.011 -1.518
loglik[3]      1.153  2.405 -1.249
loglik[30]     1.670  0.526 -1.856
loglik[31]     1.696 -0.066 -0.972
loglik[32]     1.445 -0.045 -0.555
loglik[33]     1.265 -0.091 -0.271
loglik[34]     1.228 -0.406 -0.002
loglik[35]     1.193 -0.369  0.045
loglik[36]     1.729 -0.077 -1.074
loglik[37]     1.469 -0.414 -0.461
loglik[38]     1.582 -0.359 -0.894
loglik[39]     1.751 -0.079 -1.193
loglik[4]     -0.551 -0.421  0.149
loglik[40]     1.752  0.336 -1.592
loglik[41]    -0.055 -0.259  0.529
loglik[42]    -0.430  0.375  0.650
loglik[43]    -0.027 -0.252  0.475
loglik[44]     0.142 -0.235  0.708
loglik[45]     0.282 -0.194  0.326
loglik[46]     0.170 -0.225  0.513
loglik[47]     0.494 -0.147 -0.025
loglik[48]    -0.222 -0.284  0.807
loglik[49]     0.810 -0.050 -0.363
loglik[5]     -1.172 -1.617  1.459
loglik[50]     0.172 -0.224  0.312
loglik[51]     0.166 -0.341 -1.168
loglik[52]     1.216  0.039 -1.242
loglik[53]     1.012  0.285 -1.911
loglik[54]     0.924 -0.115 -1.240
loglik[55]    -0.034  1.084 -1.413
loglik[56]    -0.793  0.069  0.998
loglik[57]     1.219 -0.143 -1.604
loglik[58]     0.357  1.071 -2.149
loglik[59]     0.728  0.653 -2.346
loglik[6]      0.757  2.026 -0.279
loglik[60]     0.779  0.571 -2.300
loglik[61]    -0.026  1.796 -2.167
loglik[62]    -0.177  1.901 -2.010
loglik[63]     0.063  1.561 -2.073
loglik[64]    -0.450  0.256 -1.090
loglik[65]    -1.150 -0.523 -0.776
loglik[66]    -1.284 -0.669 -0.561
loglik[67]     0.347 -0.566 -0.300
loglik[68]     0.251 -0.530 -0.607
loglik[69]     1.192  0.838  0.902
loglik[7]      1.066  2.206 -1.437
loglik[70]     0.606  1.225 -0.886
loglik[71]    -0.976 -0.487 -0.444
loglik[72]    -0.819 -0.391 -0.449
loglik[73]    -0.743 -0.085 -0.869
loglik[74]    -0.228  0.222 -0.650
loglik[75]     0.717  0.009 -0.119
loglik[76]     1.246  1.108 -0.650
loglik[77]    -0.890 -0.454 -0.410
loglik[78]    -0.481  0.213 -1.133
loglik[79]    -0.101  0.538 -0.932
loglik[8]     -0.431 -0.555 -0.534
loglik[80]     0.399  1.133 -1.126
loglik[81]    -0.747  1.580 -0.073
loglik[82]     0.599 -0.871  0.697
loglik[83]    -0.731  1.584 -0.099
loglik[84]     0.798 -1.250  0.407
loglik[85]    -0.507  1.550 -0.384
loglik[86]     0.542 -0.533 -0.329
loglik[87]    -0.446  1.459 -0.671
loglik[88]     0.054  0.933 -0.936
loglik[89]     0.308  0.157  0.463
loglik[9]      0.460  1.688  0.058
loglik[90]    -0.565  1.549 -0.335
loglik[91]     0.514 -0.103 -0.669
loglik[92]     0.441  0.044 -0.872
loglik[93]     0.421  0.440 -0.848
loglik[94]     0.255  0.354 -0.905
loglik[95]    -0.236 -1.606 -0.082
loglik[96]     0.545 -0.387  0.615
loglik[97]     0.246  0.380 -0.892
loglik[98]     0.596 -0.093 -0.426
loglik[99]    -0.395 -0.743 -0.064
p.fac1[1,1]    1.154 -0.496  0.754
p.fac1[1,2]    0.554  1.457 -0.466
p.fac1[1,3]   -1.878 -1.033 -0.321
p.fac1[2,1]    0.559 -1.348  1.259
p.fac1[2,2]    0.580  1.643  0.296
p.fac1[2,3]   -1.407 -0.698 -1.676
p.fac1[3,1]    1.474  0.293  0.295
p.fac1[3,2]    0.516 -0.607 -0.080
p.fac1[3,3]   -2.040  0.475 -0.232
p.fac1[4,1]    1.554 -0.751 -0.502
p.fac1[4,2]   -0.101 -0.114  0.946
p.fac1[4,3]   -0.870  0.505 -0.658
p.fac1[5,1]    0.569  0.571 -0.714
p.fac1[5,2]    0.788 -0.803 -0.222
p.fac1[5,3]   -1.771  0.348  1.064
p.fac1[6,1]    0.203 -1.603  0.667
p.fac1[6,2]   -0.415  0.013 -0.564
p.fac1[6,3]    0.358  1.538 -0.024
p.fac1[7,1]    1.589 -0.547 -0.137
p.fac1[7,2]   -0.922  1.107 -0.068
p.fac1[7,3]   -1.117 -0.666  0.371
p.fac1[8,1]    0.330 -1.371  0.125
p.fac1[8,2]    0.213  0.932 -0.692
p.fac1[8,3]   -0.957  0.202  0.576
p.fac1[9,1]    0.189 -0.990  0.037
p.fac1[9,2]    1.284  1.001 -0.477
p.fac1[9,3]   -1.307  0.312  0.355
p.global[1]    1.154 -0.496  0.754
p.global[2]    0.554  1.457 -0.466
p.global[3]   -1.878 -1.033 -0.321
resid.prop[1] -0.647 -1.102  2.922
resid.prop[2] -0.464 -0.567  0.589
