
################################################################################
# Gelman-Rubin Diagnostic
################################################################################

Generally the Gelman diagnostic should be < 1.05


Out of 380 variables: 15 > 1.01

                      
0 > 1.05

                      
0 > 1.1


The worst variables are:

            Point est. Upper C.I.
p.fac1[6,3]   1.021256   1.024124
loglik[103]   1.020855   1.026314
p.fac1[2,3]   1.020032   1.022391
loglik[43]    1.017734   1.024125
loglik[34]    1.017336   1.022414
loglik[52]    1.016553   1.022567
p.fac1[8,3]   1.016453   1.017784
p.fac1[5,3]   1.014345   1.017626
loglik[73]    1.014164   1.017368
loglik[66]    1.012862   1.016377


And here are the Gelman diagnostics for all variables:

                Point est. Upper C.I.
deviance         1.0021884  1.0029103
fac2.sig         1.0060918  1.0117638
ilr.fac1[1,1]          NaN        NaN
ilr.fac1[1,2]          NaN        NaN
ilr.fac1[10,1]   0.9997948  0.9999615
ilr.fac1[10,2]   0.9998957  1.0008994
ilr.fac1[11,1]   1.0005674  1.0028352
ilr.fac1[11,2]   1.0007722  1.0020496
ilr.fac1[2,1]    1.0011659  1.0054332
ilr.fac1[2,2]    1.0006610  1.0016626
ilr.fac1[3,1]    1.0011830  1.0050476
ilr.fac1[3,2]    1.0002146  1.0003479
ilr.fac1[4,1]    1.0016915  1.0071731
ilr.fac1[4,2]    0.9999681  1.0002896
ilr.fac1[5,1]    1.0021989  1.0087625
ilr.fac1[5,2]    1.0001694  1.0017924
ilr.fac1[6,1]    1.0009354  1.0037583
ilr.fac1[6,2]    1.0020582  1.0086447
ilr.fac1[7,1]    1.0000587  1.0014817
ilr.fac1[7,2]    1.0000943  1.0001136
ilr.fac1[8,1]    0.9996300  0.9996891
ilr.fac1[8,2]    1.0018401  1.0080354
ilr.fac1[9,1]    1.0010444  1.0043120
ilr.fac1[9,2]    1.0017849  1.0066236
ilr.fac2[1,1]    1.0006651  1.0018688
ilr.fac2[1,2]    0.9995438  0.9996141
ilr.fac2[10,1]   1.0013141  1.0043432
ilr.fac2[10,2]   1.0009401  1.0038940
ilr.fac2[100,1]  1.0009073  1.0039518
ilr.fac2[100,2]  0.9999059  1.0005241
ilr.fac2[101,1]  1.0001855  1.0009767
ilr.fac2[101,2]  1.0012064  1.0040126
ilr.fac2[102,1]  1.0002994  1.0014919
ilr.fac2[102,2]  1.0004927  1.0012131
ilr.fac2[103,1]  1.0007926  1.0036047
ilr.fac2[103,2]  0.9998858  1.0004890
ilr.fac2[104,1]  1.0007647  1.0032637
ilr.fac2[104,2]  1.0004872  1.0018642
ilr.fac2[105,1]  1.0007789  1.0020455
ilr.fac2[105,2]  1.0006438  1.0014312
ilr.fac2[11,1]   0.9996549  0.9998787
ilr.fac2[11,2]   1.0012304  1.0035844
ilr.fac2[12,1]   1.0013471  1.0060619
ilr.fac2[12,2]   0.9998491  0.9998972
ilr.fac2[13,1]   1.0003292  1.0017634
ilr.fac2[13,2]   1.0013652  1.0018920
ilr.fac2[14,1]   1.0000409  1.0009253
ilr.fac2[14,2]   0.9998925  1.0000650
ilr.fac2[15,1]   1.0013528  1.0047047
ilr.fac2[15,2]   0.9996924  0.9997646
ilr.fac2[16,1]   1.0017010  1.0042929
ilr.fac2[16,2]   1.0000277  1.0000718
ilr.fac2[17,1]   1.0000866  1.0011679
ilr.fac2[17,2]   1.0011508  1.0044393
ilr.fac2[18,1]   1.0010416  1.0035206
ilr.fac2[18,2]   0.9997244  1.0000501
ilr.fac2[19,1]   0.9997770  1.0001219
ilr.fac2[19,2]   1.0002968  1.0017967
ilr.fac2[2,1]    0.9998824  1.0004911
ilr.fac2[2,2]    1.0010688  1.0032663
ilr.fac2[20,1]   1.0026178  1.0082453
ilr.fac2[20,2]   1.0002034  1.0007639
ilr.fac2[21,1]   1.0061862  1.0211496
ilr.fac2[21,2]   1.0004085  1.0015872
ilr.fac2[22,1]   1.0024748  1.0035409
ilr.fac2[22,2]   1.0040532  1.0096796
ilr.fac2[23,1]   1.0020269  1.0054735
ilr.fac2[23,2]   0.9996860  1.0001132
ilr.fac2[24,1]   1.0040676  1.0148010
ilr.fac2[24,2]   1.0004102  1.0004183
ilr.fac2[25,1]   0.9999627  1.0003006
ilr.fac2[25,2]   1.0002830  1.0021713
ilr.fac2[26,1]   1.0009551  1.0028403
ilr.fac2[26,2]   1.0032353  1.0073168
ilr.fac2[27,1]   1.0004478  1.0004577
ilr.fac2[27,2]   1.0014446  1.0026553
ilr.fac2[28,1]   1.0027087  1.0085504
ilr.fac2[28,2]   1.0001706  1.0018571
ilr.fac2[29,1]   1.0046625  1.0072032
ilr.fac2[29,2]   1.0008929  1.0030662
ilr.fac2[3,1]    1.0005259  1.0005819
ilr.fac2[3,2]    1.0007353  1.0039502
ilr.fac2[30,1]   1.0013571  1.0047385
ilr.fac2[30,2]   0.9997856  1.0003633
ilr.fac2[31,1]   1.0003111  1.0007217
ilr.fac2[31,2]   1.0011405  1.0043205
ilr.fac2[32,1]   0.9997359  1.0001993
ilr.fac2[32,2]   1.0002489  1.0006624
ilr.fac2[33,1]   1.0023924  1.0059791
ilr.fac2[33,2]   1.0018959  1.0044877
ilr.fac2[34,1]   1.0031401  1.0074833
ilr.fac2[34,2]   1.0012421  1.0036264
ilr.fac2[35,1]   1.0022161  1.0037707
ilr.fac2[35,2]   1.0010011  1.0018313
ilr.fac2[36,1]   1.0020270  1.0081622
ilr.fac2[36,2]   1.0040933  1.0132755
ilr.fac2[37,1]   0.9997200  0.9999234
ilr.fac2[37,2]   1.0040462  1.0100931
ilr.fac2[38,1]   0.9999141  1.0000154
ilr.fac2[38,2]   1.0019699  1.0066172
ilr.fac2[39,1]   1.0003531  1.0004560
ilr.fac2[39,2]   0.9999715  1.0010863
ilr.fac2[4,1]    1.0008481  1.0019363
ilr.fac2[4,2]    1.0007908  1.0031048
ilr.fac2[40,1]   1.0001144  1.0006336
ilr.fac2[40,2]   0.9997459  1.0001337
ilr.fac2[41,1]   1.0012248  1.0051571
ilr.fac2[41,2]   1.0026358  1.0088108
ilr.fac2[42,1]   1.0055086  1.0152004
ilr.fac2[42,2]   1.0030555  1.0096718
ilr.fac2[43,1]   1.0002128  1.0002449
ilr.fac2[43,2]   1.0000360  1.0005078
ilr.fac2[44,1]   1.0015249  1.0031313
ilr.fac2[44,2]   1.0016096  1.0043438
ilr.fac2[45,1]   0.9999253  1.0008236
ilr.fac2[45,2]   1.0006025  1.0018297
ilr.fac2[46,1]   1.0002043  1.0010079
ilr.fac2[46,2]   1.0018726  1.0078222
ilr.fac2[47,1]   1.0024502  1.0083551
ilr.fac2[47,2]   1.0001340  1.0006552
ilr.fac2[48,1]   1.0017178  1.0025108
ilr.fac2[48,2]   1.0005050  1.0026311
ilr.fac2[49,1]   0.9997376  1.0003688
ilr.fac2[49,2]   1.0002293  1.0014658
ilr.fac2[5,1]    1.0033231  1.0075968
ilr.fac2[5,2]    1.0082781  1.0083450
ilr.fac2[50,1]   1.0002439  1.0020237
ilr.fac2[50,2]   0.9998357  1.0006248
ilr.fac2[51,1]   1.0018507  1.0048201
ilr.fac2[51,2]   1.0003146  1.0005571
ilr.fac2[52,1]   1.0010776  1.0018803
ilr.fac2[52,2]   1.0011639  1.0021294
ilr.fac2[53,1]   1.0011958  1.0026537
ilr.fac2[53,2]   1.0016169  1.0042892
ilr.fac2[54,1]   1.0008362  1.0009862
ilr.fac2[54,2]   1.0009201  1.0043615
ilr.fac2[55,1]   1.0006012  1.0020993
ilr.fac2[55,2]   1.0001202  1.0001779
ilr.fac2[56,1]   1.0001672  1.0015143
ilr.fac2[56,2]   1.0010357  1.0043532
ilr.fac2[57,1]   1.0005052  1.0011139
ilr.fac2[57,2]   1.0007199  1.0024046
ilr.fac2[58,1]   0.9999159  1.0009823
ilr.fac2[58,2]   0.9997480  1.0000052
ilr.fac2[59,1]   1.0006353  1.0012331
ilr.fac2[59,2]   1.0000455  1.0004881
ilr.fac2[6,1]    1.0007993  1.0037960
ilr.fac2[6,2]    1.0013926  1.0015457
ilr.fac2[60,1]   1.0002012  1.0011871
ilr.fac2[60,2]   1.0009217  1.0035973
ilr.fac2[61,1]   1.0004822  1.0018431
ilr.fac2[61,2]   1.0011041  1.0036967
ilr.fac2[62,1]   1.0013375  1.0038068
ilr.fac2[62,2]   1.0018845  1.0057974
ilr.fac2[63,1]   0.9998700  1.0003939
ilr.fac2[63,2]   1.0030706  1.0103466
ilr.fac2[64,1]   1.0001759  1.0002598
ilr.fac2[64,2]   1.0019466  1.0074454
ilr.fac2[65,1]   1.0006423  1.0014088
ilr.fac2[65,2]   0.9996520  0.9997165
ilr.fac2[66,1]   1.0004066  1.0021035
ilr.fac2[66,2]   1.0005270  1.0016465
ilr.fac2[67,1]   1.0001470  1.0008160
ilr.fac2[67,2]   0.9999860  1.0010546
ilr.fac2[68,1]   1.0008899  1.0036094
ilr.fac2[68,2]   1.0002782  1.0007310
ilr.fac2[69,1]   1.0005652  1.0006201
ilr.fac2[69,2]   0.9998606  1.0007242
ilr.fac2[7,1]    1.0014480  1.0030433
ilr.fac2[7,2]    0.9997060  0.9997796
ilr.fac2[70,1]   1.0013529  1.0047933
ilr.fac2[70,2]   1.0011929  1.0047031
ilr.fac2[71,1]   1.0017128  1.0044666
ilr.fac2[71,2]   1.0004298  1.0006758
ilr.fac2[72,1]   1.0014429  1.0055593
ilr.fac2[72,2]   1.0008029  1.0026565
ilr.fac2[73,1]   0.9998200  1.0001658
ilr.fac2[73,2]   1.0009447  1.0040781
ilr.fac2[74,1]   1.0012501  1.0014815
ilr.fac2[74,2]   1.0001192  1.0003985
ilr.fac2[75,1]   0.9996779  0.9996978
ilr.fac2[75,2]   1.0020287  1.0072996
ilr.fac2[76,1]   0.9998644  1.0003105
ilr.fac2[76,2]   1.0001345  1.0015385
ilr.fac2[77,1]   1.0024681  1.0066561
ilr.fac2[77,2]   1.0001319  1.0007723
ilr.fac2[78,1]   1.0009580  1.0032481
ilr.fac2[78,2]   1.0019576  1.0071956
ilr.fac2[79,1]   1.0016037  1.0038136
ilr.fac2[79,2]   1.0001937  1.0014725
ilr.fac2[8,1]    1.0018504  1.0035519
ilr.fac2[8,2]    1.0005414  1.0012331
ilr.fac2[80,1]   1.0009611  1.0011170
ilr.fac2[80,2]   0.9997188  0.9997663
ilr.fac2[81,1]   1.0039586  1.0051055
ilr.fac2[81,2]   1.0005260  1.0005514
ilr.fac2[82,1]   0.9999722  1.0008446
ilr.fac2[82,2]   1.0004602  1.0025271
ilr.fac2[83,1]   0.9999359  1.0007016
ilr.fac2[83,2]   1.0002786  1.0007222
ilr.fac2[84,1]   0.9997259  0.9998507
ilr.fac2[84,2]   0.9996871  1.0000175
ilr.fac2[85,1]   1.0008809  1.0020445
ilr.fac2[85,2]   1.0014236  1.0044533
ilr.fac2[86,1]   1.0008317  1.0024544
ilr.fac2[86,2]   0.9999687  1.0007637
ilr.fac2[87,1]   0.9998968  1.0001128
ilr.fac2[87,2]   0.9999174  1.0003115
ilr.fac2[88,1]   1.0008287  1.0012859
ilr.fac2[88,2]   1.0023092  1.0080960
ilr.fac2[89,1]   0.9996718  0.9998245
ilr.fac2[89,2]   1.0005095  1.0021611
ilr.fac2[9,1]    1.0011055  1.0035841
ilr.fac2[9,2]    1.0022383  1.0077992
ilr.fac2[90,1]   1.0006147  1.0023627
ilr.fac2[90,2]   0.9999426  1.0006071
ilr.fac2[91,1]   1.0004381  1.0019090
ilr.fac2[91,2]   1.0054355  1.0143362
ilr.fac2[92,1]   1.0005418  1.0027153
ilr.fac2[92,2]   1.0003541  1.0011492
ilr.fac2[93,1]   1.0007670  1.0032812
ilr.fac2[93,2]   1.0019588  1.0053291
ilr.fac2[94,1]   1.0002000  1.0019560
ilr.fac2[94,2]   1.0011362  1.0020298
ilr.fac2[95,1]   1.0006518  1.0028370
ilr.fac2[95,2]   0.9998114  1.0006317
ilr.fac2[96,1]   1.0004555  1.0014613
ilr.fac2[96,2]   1.0082925  1.0112376
ilr.fac2[97,1]   1.0042316  1.0092071
ilr.fac2[97,2]   1.0024530  1.0046806
ilr.fac2[98,1]   1.0010354  1.0038988
ilr.fac2[98,2]   1.0013330  1.0052719
ilr.fac2[99,1]   1.0005419  1.0014196
ilr.fac2[99,2]   1.0021768  1.0029051
ilr.global[1]    1.0035223  1.0135159
ilr.global[2]    1.0114796  1.0181346
loglik[1]        1.0004118  1.0020903
loglik[10]       1.0004720  1.0020471
loglik[100]      0.9998617  1.0005143
loglik[101]      0.9999667  1.0006386
loglik[102]      0.9997994  1.0003617
loglik[103]      1.0208553  1.0263144
loglik[104]      1.0007479  1.0034869
loglik[105]      1.0001186  1.0012741
loglik[11]       1.0043953  1.0064077
loglik[12]       1.0041540  1.0076885
loglik[13]       1.0001233  1.0015358
loglik[14]       0.9997724  1.0000314
loglik[15]       1.0055625  1.0072090
loglik[16]       1.0103762  1.0109163
loglik[17]       1.0026122  1.0038038
loglik[18]       0.9998873  1.0003389
loglik[19]       1.0022702  1.0023944
loglik[2]        1.0003911  1.0008652
loglik[20]       1.0013436  1.0026377
loglik[21]       1.0025162  1.0059385
loglik[22]       1.0020249  1.0037707
loglik[23]       1.0007363  1.0022428
loglik[24]       1.0001147  1.0007783
loglik[25]       1.0016917  1.0054670
loglik[26]       1.0007459  1.0020557
loglik[27]       1.0009868  1.0032444
loglik[28]       1.0001412  1.0006151
loglik[29]       1.0027676  1.0058538
loglik[3]        1.0005716  1.0025135
loglik[30]       1.0002848  1.0011771
loglik[31]       1.0000637  1.0012001
loglik[32]       1.0024221  1.0025543
loglik[33]       1.0057103  1.0076728
loglik[34]       1.0173361  1.0224137
loglik[35]       1.0002047  1.0014373
loglik[36]       1.0042847  1.0064485
loglik[37]       1.0009287  1.0028419
loglik[38]       1.0079550  1.0085643
loglik[39]       0.9999645  1.0001141
loglik[4]        1.0001377  1.0015398
loglik[40]       0.9998729  1.0007657
loglik[41]       1.0044751  1.0060988
loglik[42]       1.0023680  1.0076018
loglik[43]       1.0177344  1.0241246
loglik[44]       1.0006783  1.0037329
loglik[45]       1.0019488  1.0033942
loglik[46]       1.0061282  1.0108778
loglik[47]       1.0006850  1.0022667
loglik[48]       1.0093389  1.0117296
loglik[49]       1.0069480  1.0105689
loglik[5]        1.0012608  1.0053819
loglik[50]       0.9995577  0.9997061
loglik[51]       1.0066840  1.0101795
loglik[52]       1.0165528  1.0225674
loglik[53]       1.0029367  1.0079028
loglik[54]       1.0050047  1.0058880
loglik[55]       1.0037551  1.0048301
loglik[56]       1.0012824  1.0040825
loglik[57]       1.0007473  1.0016382
loglik[58]       1.0019684  1.0025183
loglik[59]       1.0030079  1.0030110
loglik[6]        1.0042296  1.0057082
loglik[60]       1.0102461  1.0115354
loglik[61]       1.0057147  1.0068596
loglik[62]       1.0026656  1.0049588
loglik[63]       1.0011959  1.0028269
loglik[64]       1.0012998  1.0033251
loglik[65]       1.0002862  1.0007471
loglik[66]       1.0128616  1.0163766
loglik[67]       1.0016865  1.0016981
loglik[68]       1.0018801  1.0021350
loglik[69]       1.0018822  1.0025751
loglik[7]        1.0008195  1.0031901
loglik[70]       1.0002321  1.0002385
loglik[71]       0.9996127  0.9996135
loglik[72]       1.0016871  1.0035522
loglik[73]       1.0141642  1.0173683
loglik[74]       1.0005618  1.0005718
loglik[75]       1.0012571  1.0036924
loglik[76]       0.9998575  1.0002019
loglik[77]       1.0007693  1.0028247
loglik[78]       1.0040706  1.0054192
loglik[79]       1.0004437  1.0019707
loglik[8]        1.0003811  1.0017425
loglik[80]       0.9999814  1.0010868
loglik[81]       0.9998628  1.0005753
loglik[82]       1.0010191  1.0012607
loglik[83]       1.0007875  1.0025484
loglik[84]       1.0004203  1.0028551
loglik[85]       1.0070207  1.0080189
loglik[86]       1.0031240  1.0050287
loglik[87]       1.0018965  1.0020629
loglik[88]       1.0102951  1.0124411
loglik[89]       1.0011296  1.0013567
loglik[9]        1.0038340  1.0046917
loglik[90]       1.0027191  1.0044963
loglik[91]       1.0039807  1.0154599
loglik[92]       1.0004118  1.0019452
loglik[93]       1.0006233  1.0025880
loglik[94]       1.0023954  1.0061548
loglik[95]       1.0014670  1.0033488
loglik[96]       1.0019173  1.0033651
loglik[97]       1.0041625  1.0042666
loglik[98]       0.9996889  1.0000141
loglik[99]       1.0126725  1.0174470
p.fac1[1,1]      1.0057147  1.0166377
p.fac1[1,2]      1.0038048  1.0129982
p.fac1[1,3]      1.0003689  1.0007273
p.fac1[10,1]     1.0093351  1.0143879
p.fac1[10,2]     1.0069898  1.0130718
p.fac1[10,3]     1.0025989  1.0049339
p.fac1[11,1]     1.0026258  1.0064714
p.fac1[11,2]     1.0011128  1.0030888
p.fac1[11,3]     1.0021161  1.0022606
p.fac1[2,1]      1.0039428  1.0083117
p.fac1[2,2]      1.0049882  1.0101019
p.fac1[2,3]      1.0200317  1.0223908
p.fac1[3,1]      1.0021590  1.0089668
p.fac1[3,2]      1.0022908  1.0097158
p.fac1[3,3]      1.0033383  1.0058227
p.fac1[4,1]      1.0030132  1.0035937
p.fac1[4,2]      1.0017861  1.0021858
p.fac1[4,3]      1.0024650  1.0025058
p.fac1[5,1]      1.0012302  1.0037482
p.fac1[5,2]      1.0025625  1.0056542
p.fac1[5,3]      1.0143448  1.0176261
p.fac1[6,1]      1.0046740  1.0089548
p.fac1[6,2]      1.0040175  1.0084325
p.fac1[6,3]      1.0212556  1.0241240
p.fac1[7,1]      1.0013231  1.0044000
p.fac1[7,2]      1.0012148  1.0047151
p.fac1[7,3]      1.0033664  1.0054670
p.fac1[8,1]      1.0011952  1.0037121
p.fac1[8,2]      1.0001842  1.0018346
p.fac1[8,3]      1.0164532  1.0177836
p.fac1[9,1]      0.9997940  0.9999194
p.fac1[9,2]      1.0001478  1.0005877
p.fac1[9,3]      1.0069475  1.0098480
p.global[1]      1.0057147  1.0166377
p.global[2]      1.0038048  1.0129982
p.global[3]      1.0003689  1.0007273
resid.prop[1]    1.0018701  1.0022726
resid.prop[2]    1.0004417  1.0022172
resid.prop[3]    1.0014994  1.0020209

################################################################################
# Geweke Diagnostic
################################################################################

The Geweke diagnostic is a standard z-score, so we'd expect 5% to be outside +/-1.96
Number of variables outside +/-1.96 in each chain (out of 
380
):


       Chain 1 Chain 2 Chain 3
Geweke      20      16      56


And here are the Geweke diagnostics for all variables:

                chain1 chain2 chain3
deviance         0.374  0.622  1.650
fac2.sig        -0.289  0.604  2.083
ilr.fac1[10,1]   0.416 -1.166  0.211
ilr.fac1[10,2]  -0.055  0.751  0.078
ilr.fac1[11,1]  -1.341  0.226  0.330
ilr.fac1[11,2]   0.533  0.471  1.146
ilr.fac1[2,1]   -0.976  0.225  2.506
ilr.fac1[2,2]    0.851  0.633 -2.169
ilr.fac1[3,1]   -0.923 -0.101  0.370
ilr.fac1[3,2]    1.672 -0.835 -0.851
ilr.fac1[4,1]   -0.186  1.026  1.778
ilr.fac1[4,2]   -0.957  0.092 -0.416
ilr.fac1[5,1]   -0.206  0.555 -0.834
ilr.fac1[5,2]    0.187  0.404 -0.737
ilr.fac1[6,1]   -0.558  1.689 -0.797
ilr.fac1[6,2]    0.633 -0.611 -0.707
ilr.fac1[7,1]   -1.349  0.435 -0.235
ilr.fac1[7,2]   -0.535  0.188 -1.461
ilr.fac1[8,1]    0.588  0.002  1.828
ilr.fac1[8,2]   -0.165  0.821  1.578
ilr.fac1[9,1]    1.314  1.332 -1.981
ilr.fac1[9,2]   -0.321  0.831  1.281
ilr.fac2[1,1]   -0.276  0.246  1.467
ilr.fac2[1,2]    2.055  0.349  1.132
ilr.fac2[10,1]  -0.470 -1.474 -0.871
ilr.fac2[10,2]  -0.577 -0.762 -0.468
ilr.fac2[100,1] -0.431  0.143 -1.923
ilr.fac2[100,2] -0.388 -1.654  1.906
ilr.fac2[101,1]  0.052  0.112  0.101
ilr.fac2[101,2] -0.388 -1.914  2.596
ilr.fac2[102,1] -0.341  0.685 -0.156
ilr.fac2[102,2] -0.849  1.514 -1.244
ilr.fac2[103,1] -0.939  0.735  0.866
ilr.fac2[103,2] -0.314 -1.902  0.303
ilr.fac2[104,1]  0.526  0.366 -1.123
ilr.fac2[104,2]  0.719 -0.051  0.621
ilr.fac2[105,1]  0.243 -1.540  0.574
ilr.fac2[105,2] -1.124 -0.395 -3.449
ilr.fac2[11,1]  -0.929 -0.516  0.381
ilr.fac2[11,2]  -0.127 -0.280  0.768
ilr.fac2[12,1]  -0.816 -0.172 -0.188
ilr.fac2[12,2]   0.562  0.315 -1.794
ilr.fac2[13,1]  -0.210 -0.651  0.025
ilr.fac2[13,2]   0.473  0.975  0.961
ilr.fac2[14,1]   0.258  1.475 -1.553
ilr.fac2[14,2]  -0.244  2.202 -1.383
ilr.fac2[15,1]  -0.254  0.171 -1.425
ilr.fac2[15,2]   0.115  1.623 -0.864
ilr.fac2[16,1]  -0.998 -0.974  0.912
ilr.fac2[16,2]  -0.063  0.681 -0.527
ilr.fac2[17,1]  -1.585  0.072 -1.209
ilr.fac2[17,2]  -0.553 -0.526 -1.511
ilr.fac2[18,1]  -0.661 -0.477 -1.687
ilr.fac2[18,2]  -0.394  0.243  0.123
ilr.fac2[19,1]  -1.605  0.986  0.248
ilr.fac2[19,2]   2.300  0.408  2.664
ilr.fac2[2,1]    2.403  0.654  0.979
ilr.fac2[2,2]    1.779 -0.255 -1.969
ilr.fac2[20,1]  -0.209  0.433  0.632
ilr.fac2[20,2]   0.007  1.975 -2.988
ilr.fac2[21,1]   0.033  1.297  1.007
ilr.fac2[21,2]  -0.445  1.125 -1.421
ilr.fac2[22,1]  -0.078 -0.499  1.661
ilr.fac2[22,2]  -0.478 -0.198 -0.904
ilr.fac2[23,1]   0.006  1.131  2.204
ilr.fac2[23,2]  -0.701 -1.236 -0.613
ilr.fac2[24,1]  -0.323  0.789  0.110
ilr.fac2[24,2]  -2.170  1.817  0.645
ilr.fac2[25,1]  -0.239 -1.193 -0.099
ilr.fac2[25,2]   0.656 -1.048  2.667
ilr.fac2[26,1]  -2.082 -0.756  0.057
ilr.fac2[26,2]  -1.186 -0.558 -2.456
ilr.fac2[27,1]   0.282  0.014 -1.098
ilr.fac2[27,2]  -1.028  0.467 -0.108
ilr.fac2[28,1]   1.424 -0.690  0.140
ilr.fac2[28,2]   1.043 -1.345 -1.404
ilr.fac2[29,1]  -1.497  1.107  0.119
ilr.fac2[29,2]  -0.653 -0.634 -0.526
ilr.fac2[3,1]   -1.914 -0.326 -1.264
ilr.fac2[3,2]   -1.820 -1.886 -0.700
ilr.fac2[30,1]  -0.174  0.861 -0.613
ilr.fac2[30,2]  -1.300  0.656 -2.106
ilr.fac2[31,1]   0.824  1.465 -1.089
ilr.fac2[31,2]   0.205  0.378  1.189
ilr.fac2[32,1]   0.498 -2.617 -0.646
ilr.fac2[32,2]  -0.028  0.489 -0.053
ilr.fac2[33,1]  -2.171  0.121 -0.237
ilr.fac2[33,2]   0.859 -0.867  0.174
ilr.fac2[34,1]   0.089 -0.397 -1.887
ilr.fac2[34,2]  -0.555 -1.323  0.161
ilr.fac2[35,1]   0.476  0.105 -0.446
ilr.fac2[35,2]   3.115  0.293 -0.483
ilr.fac2[36,1]   0.703  0.747 -2.159
ilr.fac2[36,2]  -1.567 -0.116  0.098
ilr.fac2[37,1]  -1.739 -0.968  1.885
ilr.fac2[37,2]   0.188 -0.383 -1.201
ilr.fac2[38,1]  -0.692 -0.575  0.691
ilr.fac2[38,2]  -0.177 -0.433 -1.697
ilr.fac2[39,1]  -1.036 -2.005 -1.658
ilr.fac2[39,2]   0.528 -0.598 -0.343
ilr.fac2[4,1]   -1.734  0.429  1.764
ilr.fac2[4,2]   -0.449 -0.101 -3.592
ilr.fac2[40,1]   1.461 -0.919 -2.938
ilr.fac2[40,2]  -0.749 -1.014  1.627
ilr.fac2[41,1]   0.064 -0.030 -1.183
ilr.fac2[41,2]  -0.649  0.935 -0.235
ilr.fac2[42,1]   0.737  0.183  0.315
ilr.fac2[42,2]  -0.232  0.114  2.245
ilr.fac2[43,1]   0.582  1.388 -1.607
ilr.fac2[43,2]   0.483  0.857  0.654
ilr.fac2[44,1]  -0.376 -0.226 -0.516
ilr.fac2[44,2]   0.565 -0.839  0.587
ilr.fac2[45,1]   1.009 -2.143 -0.469
ilr.fac2[45,2]   0.795 -2.159  0.127
ilr.fac2[46,1]  -0.839  0.164 -1.223
ilr.fac2[46,2]   0.289  0.828  0.922
ilr.fac2[47,1]  -3.073  0.526  0.058
ilr.fac2[47,2]  -0.087  0.282 -1.037
ilr.fac2[48,1]  -1.231  0.005 -1.488
ilr.fac2[48,2]   0.616  1.048 -0.070
ilr.fac2[49,1]   0.502  0.880 -0.317
ilr.fac2[49,2]   1.277 -1.274  1.419
ilr.fac2[5,1]   -0.861  0.748  1.633
ilr.fac2[5,2]    0.426 -0.384 -1.018
ilr.fac2[50,1]   0.142 -0.721 -2.782
ilr.fac2[50,2]  -0.281 -0.800  0.686
ilr.fac2[51,1]  -1.355  0.136  1.216
ilr.fac2[51,2]   1.230  1.112  0.324
ilr.fac2[52,1]  -1.261 -0.794 -1.818
ilr.fac2[52,2]  -1.396 -0.658 -2.416
ilr.fac2[53,1]   0.238 -0.568 -0.271
ilr.fac2[53,2]   1.278  0.575 -0.142
ilr.fac2[54,1]  -0.099  0.623  0.157
ilr.fac2[54,2]   0.278  0.431  0.712
ilr.fac2[55,1]   0.157  1.339 -2.902
ilr.fac2[55,2]  -0.553 -0.251 -1.683
ilr.fac2[56,1]   0.396 -1.269 -0.103
ilr.fac2[56,2]  -0.330  1.292  1.715
ilr.fac2[57,1]   0.741 -0.883 -1.225
ilr.fac2[57,2]   1.150  0.731 -0.048
ilr.fac2[58,1]   0.917 -1.572 -1.980
ilr.fac2[58,2]   0.795  0.121  0.807
ilr.fac2[59,1]   0.578 -1.697  0.020
ilr.fac2[59,2]   0.270 -0.691 -0.600
ilr.fac2[6,1]   -0.613 -0.487 -0.361
ilr.fac2[6,2]   -0.380  0.123 -0.719
ilr.fac2[60,1]  -0.872  0.300 -1.268
ilr.fac2[60,2]  -0.771 -0.636 -0.173
ilr.fac2[61,1]   2.356 -1.856  1.670
ilr.fac2[61,2]   0.625 -0.752 -0.282
ilr.fac2[62,1]   0.202  0.242  1.636
ilr.fac2[62,2]   0.113 -0.342  1.415
ilr.fac2[63,1]  -0.208  0.641  2.695
ilr.fac2[63,2]  -1.237 -0.506 -0.539
ilr.fac2[64,1]  -0.295 -0.141  2.982
ilr.fac2[64,2]   0.751 -0.407  0.483
ilr.fac2[65,1]  -0.466 -0.093 -0.093
ilr.fac2[65,2]   0.928  0.105 -0.116
ilr.fac2[66,1]   0.298  1.117 -1.453
ilr.fac2[66,2]  -0.447  1.032 -1.419
ilr.fac2[67,1]  -0.562 -0.401  0.154
ilr.fac2[67,2]   0.530  0.530 -0.155
ilr.fac2[68,1]  -0.717 -0.882 -0.518
ilr.fac2[68,2]   0.322  0.397 -1.164
ilr.fac2[69,1]   0.385 -0.363 -2.670
ilr.fac2[69,2]  -0.111  0.747 -0.860
ilr.fac2[7,1]   -0.040 -0.666 -0.458
ilr.fac2[7,2]    1.872  0.410 -1.066
ilr.fac2[70,1]  -0.459  0.376  2.474
ilr.fac2[70,2]   0.625  0.787 -0.525
ilr.fac2[71,1]  -1.526  1.359  3.389
ilr.fac2[71,2]  -0.676  0.795  1.953
ilr.fac2[72,1]  -0.393  0.460  0.152
ilr.fac2[72,2]  -0.203  0.102 -0.289
ilr.fac2[73,1]  -1.414 -0.311 -1.268
ilr.fac2[73,2]  -0.338  1.286  2.010
ilr.fac2[74,1]   1.679 -0.270  0.487
ilr.fac2[74,2]   1.486 -0.901  0.664
ilr.fac2[75,1]   1.227 -1.192  0.551
ilr.fac2[75,2]   0.360  0.126  0.476
ilr.fac2[76,1]  -0.219 -2.465 -0.173
ilr.fac2[76,2]  -0.453 -1.729  2.135
ilr.fac2[77,1]   0.310  1.688  0.478
ilr.fac2[77,2]   1.067 -0.505  0.982
ilr.fac2[78,1]  -2.232  1.790 -0.853
ilr.fac2[78,2]  -0.331  0.464 -0.163
ilr.fac2[79,1]  -1.916  1.401  0.890
ilr.fac2[79,2]  -1.192  0.877  1.980
ilr.fac2[8,1]   -0.659  0.502  1.807
ilr.fac2[8,2]    0.525 -0.861 -0.317
ilr.fac2[80,1]   0.725  0.327 -1.553
ilr.fac2[80,2]  -1.260  0.221 -0.909
ilr.fac2[81,1]  -0.968  0.858  1.596
ilr.fac2[81,2]   0.984  0.376 -0.106
ilr.fac2[82,1]  -0.699  0.033 -0.925
ilr.fac2[82,2]  -0.121  0.595  0.823
ilr.fac2[83,1]   0.190  0.497  0.359
ilr.fac2[83,2]  -0.536  0.991  0.337
ilr.fac2[84,1]  -1.674 -0.478  0.904
ilr.fac2[84,2]   1.992  0.559 -1.009
ilr.fac2[85,1]   1.520 -1.273 -0.595
ilr.fac2[85,2]   0.278  0.220  0.951
ilr.fac2[86,1]  -0.237  0.404 -0.933
ilr.fac2[86,2]   0.197 -1.065 -1.210
ilr.fac2[87,1]  -2.910 -0.072 -1.717
ilr.fac2[87,2]  -0.952 -1.884  1.258
ilr.fac2[88,1]  -0.021 -0.207 -1.346
ilr.fac2[88,2]   0.325 -1.007 -0.708
ilr.fac2[89,1]  -1.216  1.594 -1.108
ilr.fac2[89,2]   1.015 -0.105  1.919
ilr.fac2[9,1]   -0.441  1.057 -0.996
ilr.fac2[9,2]   -0.111 -1.091 -0.464
ilr.fac2[90,1]   0.858 -0.784  1.714
ilr.fac2[90,2]   1.257 -0.573 -0.198
ilr.fac2[91,1]  -0.312 -0.506  0.487
ilr.fac2[91,2]   1.103 -0.379  1.902
ilr.fac2[92,1]  -0.327  0.513 -1.108
ilr.fac2[92,2]   0.133 -1.935 -0.898
ilr.fac2[93,1]  -1.550 -0.628  0.395
ilr.fac2[93,2]   1.348 -0.741 -1.330
ilr.fac2[94,1]  -1.392 -0.293  1.168
ilr.fac2[94,2]   1.085 -0.328 -0.685
ilr.fac2[95,1]  -1.412  0.004  1.075
ilr.fac2[95,2]   0.846  0.157 -0.405
ilr.fac2[96,1]  -1.157 -0.142  0.299
ilr.fac2[96,2]   0.351 -0.387 -2.291
ilr.fac2[97,1]   0.034 -0.594 -0.955
ilr.fac2[97,2]   1.860 -2.527 -1.238
ilr.fac2[98,1]  -0.716 -0.164 -1.347
ilr.fac2[98,2]   0.178 -2.018  0.709
ilr.fac2[99,1]  -0.276 -1.393 -1.201
ilr.fac2[99,2]  -1.384  1.740  1.933
ilr.global[1]    1.439 -0.672 -0.927
ilr.global[2]   -0.025  0.173  1.222
loglik[1]       -0.784 -0.310  0.491
loglik[10]      -0.096  1.227 -0.845
loglik[100]     -0.287  0.038 -1.657
loglik[101]     -0.225 -0.967  0.402
loglik[102]     -0.494 -1.344  0.736
loglik[103]     -0.063  1.171 -1.199
loglik[104]     -0.144  0.380 -0.644
loglik[105]      0.703 -0.581 -1.487
loglik[11]      -1.493 -1.719 -0.539
loglik[12]       0.841  0.464  0.537
loglik[13]      -0.035 -0.560 -1.048
loglik[14]       0.909  1.129 -3.295
loglik[15]      -0.354 -0.079 -3.753
loglik[16]       0.610 -0.838 -2.633
loglik[17]       2.013 -0.392 -4.117
loglik[18]       2.287  0.011 -1.674
loglik[19]      -1.291 -1.735  1.037
loglik[2]        0.601  1.422  0.130
loglik[20]       1.254 -1.179 -0.874
loglik[21]       1.163 -0.837 -0.923
loglik[22]       0.923 -0.096 -1.136
loglik[23]       2.346 -1.005  0.620
loglik[24]      -0.465  0.241 -0.507
loglik[25]       0.102  1.592 -1.183
loglik[26]       1.928 -0.799 -0.450
loglik[27]       0.574  0.623 -0.704
loglik[28]       0.365 -0.315 -1.506
loglik[29]      -1.447  0.378  0.041
loglik[3]        0.552  0.623 -0.224
loglik[30]       1.044 -0.008 -2.205
loglik[31]      -0.822 -0.185  2.517
loglik[32]       0.662  0.474 -0.081
loglik[33]       1.507 -0.913  0.403
loglik[34]      -0.299 -0.701 -0.369
loglik[35]      -0.898 -0.360  0.621
loglik[36]      -2.051 -1.271  0.977
loglik[37]      -0.705 -0.710  2.786
loglik[38]       0.319  0.415 -1.122
loglik[39]      -1.168  1.759  0.399
loglik[4]       -1.959  0.122 -0.833
loglik[40]       0.807  0.763 -1.116
loglik[41]      -1.201 -2.683  1.120
loglik[42]       0.015 -0.857 -0.765
loglik[43]      -0.171 -2.344 -1.141
loglik[44]      -1.208  0.898 -0.548
loglik[45]      -1.425  1.362  0.780
loglik[46]       0.275  0.517 -0.375
loglik[47]      -1.213 -0.459 -1.033
loglik[48]       1.885 -0.672  0.275
loglik[49]       1.849 -1.098  1.933
loglik[5]       -0.531  1.255 -0.708
loglik[50]      -1.185  0.576  0.805
loglik[51]       0.122 -1.033  0.087
loglik[52]       0.232 -0.590 -0.221
loglik[53]      -0.539 -1.882 -0.277
loglik[54]      -1.891 -0.491 -0.893
loglik[55]      -0.395 -1.799  0.564
loglik[56]      -0.162 -0.457 -0.848
loglik[57]       1.159  0.225 -1.660
loglik[58]      -0.929  1.329 -1.573
loglik[59]      -0.222 -1.585  0.816
loglik[6]        0.598 -0.952 -2.329
loglik[60]       0.422  1.100  2.215
loglik[61]      -1.258  0.842  1.278
loglik[62]       0.341 -0.271  0.965
loglik[63]      -0.169  0.401 -0.218
loglik[64]       0.309  0.088 -1.388
loglik[65]      -1.246  0.283  1.836
loglik[66]       0.693 -1.952 -1.587
loglik[67]       0.245 -1.213 -2.283
loglik[68]      -0.076 -0.327  1.803
loglik[69]      -1.201  0.141 -0.079
loglik[7]       -0.061 -0.807 -0.373
loglik[70]       0.090 -0.059  0.131
loglik[71]       0.678 -0.510  0.590
loglik[72]       1.381  1.111 -1.561
loglik[73]      -1.450  0.506  1.000
loglik[74]      -1.040 -1.508 -1.023
loglik[75]      -0.569 -0.924 -1.357
loglik[76]      -0.455  1.229 -0.074
loglik[77]       0.870  1.668 -0.767
loglik[78]       0.211  0.693  1.797
loglik[79]      -0.878 -2.236  1.627
loglik[8]       -0.953 -1.073 -0.891
loglik[80]      -0.614 -1.601  1.183
loglik[81]      -0.148  0.026  1.694
loglik[82]      -0.130 -1.489  0.979
loglik[83]       0.116 -0.023 -0.351
loglik[84]      -3.041 -2.445 -1.293
loglik[85]      -0.326 -1.071  0.531
loglik[86]      -1.819  1.550  0.621
loglik[87]      -1.461 -0.238 -0.395
loglik[88]      -0.849 -0.606  0.504
loglik[89]       0.478 -0.454  0.158
loglik[9]        0.269  0.625 -3.123
loglik[90]       0.086 -0.026 -0.476
loglik[91]       0.787  0.562 -2.695
loglik[92]      -1.115 -1.374  0.897
loglik[93]       0.490 -1.497  0.277
loglik[94]       0.049 -0.021 -1.753
loglik[95]       0.285  0.213  0.161
loglik[96]       0.848 -0.535 -1.897
loglik[97]       0.222  0.825 -0.622
loglik[98]      -0.109  0.207 -0.185
loglik[99]       1.262  0.842  0.028
p.fac1[1,1]      1.390 -0.767 -0.916
p.fac1[1,2]     -1.283  0.663  1.516
p.fac1[1,3]      0.415 -0.047 -2.809
p.fac1[10,1]     1.131 -0.650 -1.187
p.fac1[10,2]    -1.487  0.302  2.208
p.fac1[10,3]     1.016  0.309 -2.325
p.fac1[11,1]     0.354 -0.131 -0.356
p.fac1[11,2]    -0.511  0.414  1.312
p.fac1[11,3]     0.280 -0.475 -1.671
p.fac1[2,1]      0.487 -2.162  1.095
p.fac1[2,2]     -0.501  2.138 -0.517
p.fac1[2,3]      0.125 -1.182 -1.660
p.fac1[3,1]      1.015 -1.088 -0.041
p.fac1[3,2]     -0.882  0.863  0.630
p.fac1[3,3]     -0.355  0.140 -3.206
p.fac1[4,1]      0.382 -0.273  1.025
p.fac1[4,2]     -0.819  0.035  0.008
p.fac1[4,3]      0.929  0.200 -2.404
p.fac1[5,1]      0.186 -0.111 -0.826
p.fac1[5,2]     -0.044  0.025  0.979
p.fac1[5,3]     -0.433  0.269 -0.895
p.fac1[6,1]      0.762  0.151 -0.731
p.fac1[6,2]     -0.725 -0.212  1.050
p.fac1[6,3]     -0.152  0.517 -2.547
p.fac1[7,1]     -0.585 -0.363 -1.955
p.fac1[7,2]      0.426  0.413  1.953
p.fac1[7,3]      0.225 -0.453 -2.687
p.fac1[8,1]      1.552  0.389 -0.785
p.fac1[8,2]     -1.575 -0.016  1.710
p.fac1[8,3]      1.056 -1.732 -3.220
p.fac1[9,1]      2.899  0.268 -2.740
p.fac1[9,2]     -2.972 -0.139  3.024
p.fac1[9,3]      0.915 -0.200 -2.088
p.global[1]      1.390 -0.767 -0.916
p.global[2]     -1.283  0.663  1.516
p.global[3]      0.415 -0.047 -2.809
resid.prop[1]   -0.105  0.418  2.429
resid.prop[2]   -2.822  2.497 -0.716
resid.prop[3]    0.302  1.035 -4.336
