
################################################################################
# Gelman-Rubin Diagnostic
################################################################################

Generally the Gelman diagnostic should be < 1.05


Out of 332 variables: 33 > 1.01

                      
4 > 1.05

                      
0 > 1.1


The worst variables are:

               Point est. Upper C.I.
ilr.global[2]    1.092112   1.253273
ilr.fac2[2,2]    1.065527   1.150378
p.fac1[1,3]      1.051790   1.129273
p.global[3]      1.051790   1.129273
fac2.sig         1.042467   1.119984
p.fac1[11,3]     1.042205   1.059849
ilr.fac2[37,2]   1.040033   1.118068
p.fac1[9,3]      1.037365   1.080047
loglik[28]       1.034186   1.040790
ilr.fac2[21,2]   1.027913   1.082109


And here are the Gelman diagnostics for all variables:

               Point est. Upper C.I.
deviance        1.0021106  1.0062309
fac2.sig        1.0424669  1.1199841
ilr.fac1[1,1]         NaN        NaN
ilr.fac1[1,2]         NaN        NaN
ilr.fac1[10,1]  1.0065294  1.0170068
ilr.fac1[10,2]  1.0001356  1.0006802
ilr.fac1[11,1]  1.0018065  1.0071814
ilr.fac1[11,2]  1.0002497  1.0011771
ilr.fac1[2,1]   0.9999321  1.0007963
ilr.fac1[2,2]   1.0011289  1.0035540
ilr.fac1[3,1]   1.0016332  1.0071441
ilr.fac1[3,2]   1.0001732  1.0008818
ilr.fac1[4,1]   1.0010210  1.0049208
ilr.fac1[4,2]   0.9997357  1.0002765
ilr.fac1[5,1]   0.9999436  1.0008397
ilr.fac1[5,2]   1.0022716  1.0084565
ilr.fac1[6,1]   1.0002579  1.0022202
ilr.fac1[6,2]   1.0007075  1.0021991
ilr.fac1[7,1]   1.0010930  1.0043285
ilr.fac1[7,2]   1.0033832  1.0101901
ilr.fac1[8,1]   1.0008903  1.0044070
ilr.fac1[8,2]   0.9995994  0.9997078
ilr.fac1[9,1]   1.0009002  1.0036489
ilr.fac1[9,2]   1.0011804  1.0048681
ilr.fac2[1,1]   1.0136288  1.0443637
ilr.fac2[1,2]   1.0024761  1.0035259
ilr.fac2[10,1]  1.0033024  1.0067557
ilr.fac2[10,2]  1.0083009  1.0122925
ilr.fac2[11,1]  1.0000008  1.0001679
ilr.fac2[11,2]  1.0017570  1.0023855
ilr.fac2[12,1]  1.0016209  1.0033588
ilr.fac2[12,2]  1.0037328  1.0048301
ilr.fac2[13,1]  1.0018181  1.0028132
ilr.fac2[13,2]  1.0005334  1.0006767
ilr.fac2[14,1]  1.0022927  1.0050101
ilr.fac2[14,2]  0.9999408  1.0009583
ilr.fac2[15,1]  0.9998681  1.0006380
ilr.fac2[15,2]  1.0037312  1.0088452
ilr.fac2[16,1]  1.0030974  1.0103491
ilr.fac2[16,2]  1.0056046  1.0057084
ilr.fac2[17,1]  1.0048555  1.0180005
ilr.fac2[17,2]  1.0037334  1.0053797
ilr.fac2[18,1]  1.0112049  1.0308709
ilr.fac2[18,2]  1.0029964  1.0041507
ilr.fac2[19,1]  1.0048102  1.0158437
ilr.fac2[19,2]  1.0023624  1.0035531
ilr.fac2[2,1]   1.0176307  1.0371357
ilr.fac2[2,2]   1.0655270  1.1503783
ilr.fac2[20,1]  1.0001821  1.0002742
ilr.fac2[20,2]  1.0026790  1.0026930
ilr.fac2[21,1]  1.0013618  1.0058150
ilr.fac2[21,2]  1.0279128  1.0821094
ilr.fac2[22,1]  1.0024960  1.0039192
ilr.fac2[22,2]  1.0021836  1.0023385
ilr.fac2[23,1]  1.0043837  1.0050507
ilr.fac2[23,2]  1.0113613  1.0200821
ilr.fac2[24,1]  1.0006887  1.0010794
ilr.fac2[24,2]  1.0040660  1.0082693
ilr.fac2[25,1]  1.0062105  1.0062278
ilr.fac2[25,2]  1.0033706  1.0037640
ilr.fac2[26,1]  1.0025634  1.0035477
ilr.fac2[26,2]  1.0043789  1.0126667
ilr.fac2[27,1]  1.0021019  1.0042926
ilr.fac2[27,2]  1.0056903  1.0081074
ilr.fac2[28,1]  1.0038382  1.0081066
ilr.fac2[28,2]  1.0040696  1.0042609
ilr.fac2[29,1]  1.0038197  1.0045451
ilr.fac2[29,2]  1.0020786  1.0029720
ilr.fac2[3,1]   1.0010455  1.0024210
ilr.fac2[3,2]   1.0021548  1.0037425
ilr.fac2[30,1]  1.0028153  1.0058363
ilr.fac2[30,2]  1.0029589  1.0063522
ilr.fac2[31,1]  1.0014102  1.0020642
ilr.fac2[31,2]  1.0026448  1.0045611
ilr.fac2[32,1]  1.0008438  1.0027356
ilr.fac2[32,2]  1.0012623  1.0020522
ilr.fac2[33,1]  1.0034656  1.0077637
ilr.fac2[33,2]  1.0016712  1.0058225
ilr.fac2[34,1]  1.0017088  1.0048707
ilr.fac2[34,2]  1.0005147  1.0005578
ilr.fac2[35,1]  1.0001771  1.0014655
ilr.fac2[35,2]  1.0014918  1.0018551
ilr.fac2[36,1]  1.0044868  1.0095901
ilr.fac2[36,2]  1.0047385  1.0059438
ilr.fac2[37,1]  1.0030691  1.0067037
ilr.fac2[37,2]  1.0400329  1.1180682
ilr.fac2[38,1]  1.0015601  1.0057751
ilr.fac2[38,2]  1.0035127  1.0057386
ilr.fac2[39,1]  1.0023483  1.0055187
ilr.fac2[39,2]  1.0019106  1.0021658
ilr.fac2[4,1]   1.0033960  1.0042926
ilr.fac2[4,2]   1.0028579  1.0033882
ilr.fac2[40,1]  1.0034218  1.0095124
ilr.fac2[40,2]  1.0034483  1.0073870
ilr.fac2[41,1]  1.0010046  1.0028855
ilr.fac2[41,2]  1.0019293  1.0041035
ilr.fac2[42,1]  1.0006450  1.0019397
ilr.fac2[42,2]  1.0018488  1.0026021
ilr.fac2[43,1]  1.0020053  1.0060815
ilr.fac2[43,2]  1.0021406  1.0057333
ilr.fac2[44,1]  1.0020066  1.0022215
ilr.fac2[44,2]  1.0038503  1.0045078
ilr.fac2[45,1]  1.0018193  1.0035419
ilr.fac2[45,2]  1.0032751  1.0064064
ilr.fac2[46,1]  1.0065137  1.0204784
ilr.fac2[46,2]  1.0033163  1.0046899
ilr.fac2[47,1]  1.0035316  1.0067691
ilr.fac2[47,2]  1.0027790  1.0033550
ilr.fac2[48,1]  1.0107146  1.0329064
ilr.fac2[48,2]  1.0017940  1.0039546
ilr.fac2[49,1]  1.0027972  1.0038513
ilr.fac2[49,2]  1.0026875  1.0027395
ilr.fac2[5,1]   1.0083441  1.0257476
ilr.fac2[5,2]   1.0012012  1.0029131
ilr.fac2[50,1]  1.0013869  1.0023493
ilr.fac2[50,2]  1.0028624  1.0046917
ilr.fac2[51,1]  1.0038266  1.0053483
ilr.fac2[51,2]  1.0011674  1.0012267
ilr.fac2[52,1]  1.0056636  1.0156622
ilr.fac2[52,2]  1.0046021  1.0051041
ilr.fac2[53,1]  1.0023880  1.0040597
ilr.fac2[53,2]  1.0053802  1.0083235
ilr.fac2[54,1]  1.0036982  1.0056124
ilr.fac2[54,2]  1.0005866  1.0012728
ilr.fac2[55,1]  1.0057823  1.0105189
ilr.fac2[55,2]  1.0030928  1.0046035
ilr.fac2[56,1]  1.0103770  1.0303489
ilr.fac2[56,2]  1.0006219  1.0014678
ilr.fac2[57,1]  1.0119094  1.0386913
ilr.fac2[57,2]  1.0024061  1.0025000
ilr.fac2[58,1]  1.0120958  1.0381841
ilr.fac2[58,2]  1.0044099  1.0054488
ilr.fac2[59,1]  1.0044792  1.0109148
ilr.fac2[59,2]  1.0019979  1.0029069
ilr.fac2[6,1]   1.0060471  1.0116170
ilr.fac2[6,2]   1.0023276  1.0029022
ilr.fac2[60,1]  1.0017469  1.0020157
ilr.fac2[60,2]  1.0031687  1.0032429
ilr.fac2[61,1]  1.0052454  1.0073344
ilr.fac2[61,2]  1.0029713  1.0036553
ilr.fac2[62,1]  1.0041090  1.0093848
ilr.fac2[62,2]  1.0071188  1.0075608
ilr.fac2[63,1]  1.0033667  1.0100504
ilr.fac2[63,2]  1.0023931  1.0057734
ilr.fac2[64,1]  1.0062854  1.0167439
ilr.fac2[64,2]  1.0018212  1.0018456
ilr.fac2[65,1]  1.0055778  1.0136084
ilr.fac2[65,2]  1.0015314  1.0033832
ilr.fac2[66,1]  1.0024059  1.0036512
ilr.fac2[66,2]  1.0008486  1.0020158
ilr.fac2[67,1]  1.0011978  1.0015534
ilr.fac2[67,2]  1.0009741  1.0017701
ilr.fac2[68,1]  1.0023528  1.0029974
ilr.fac2[68,2]  1.0012525  1.0020195
ilr.fac2[69,1]  1.0055311  1.0125216
ilr.fac2[69,2]  1.0010841  1.0025288
ilr.fac2[7,1]   1.0022551  1.0049099
ilr.fac2[7,2]   1.0048355  1.0050884
ilr.fac2[70,1]  1.0043641  1.0155377
ilr.fac2[70,2]  1.0075014  1.0151439
ilr.fac2[71,1]  1.0008550  1.0037866
ilr.fac2[71,2]  1.0025025  1.0036104
ilr.fac2[72,1]  1.0029302  1.0100482
ilr.fac2[72,2]  1.0029090  1.0035366
ilr.fac2[73,1]  1.0015241  1.0022441
ilr.fac2[73,2]  1.0020126  1.0056524
ilr.fac2[74,1]  1.0019112  1.0043228
ilr.fac2[74,2]  1.0027842  1.0053050
ilr.fac2[75,1]  1.0032915  1.0066492
ilr.fac2[75,2]  1.0043468  1.0069386
ilr.fac2[76,1]  1.0016705  1.0033058
ilr.fac2[76,2]  1.0016873  1.0022028
ilr.fac2[77,1]  1.0032371  1.0095490
ilr.fac2[77,2]  1.0024734  1.0039422
ilr.fac2[78,1]  1.0041950  1.0147685
ilr.fac2[78,2]  1.0021157  1.0028038
ilr.fac2[79,1]  1.0063236  1.0158902
ilr.fac2[79,2]  1.0033099  1.0066266
ilr.fac2[8,1]   1.0032807  1.0091959
ilr.fac2[8,2]   1.0063750  1.0092592
ilr.fac2[80,1]  1.0006517  1.0030074
ilr.fac2[80,2]  1.0028134  1.0029157
ilr.fac2[81,1]  1.0024471  1.0043503
ilr.fac2[81,2]  1.0025697  1.0045996
ilr.fac2[82,1]  1.0067185  1.0242381
ilr.fac2[82,2]  1.0037278  1.0050066
ilr.fac2[83,1]  1.0050662  1.0187586
ilr.fac2[83,2]  1.0277328  1.0894204
ilr.fac2[84,1]  1.0039711  1.0075147
ilr.fac2[84,2]  1.0031678  1.0033804
ilr.fac2[85,1]  1.0030862  1.0050104
ilr.fac2[85,2]  1.0023609  1.0033954
ilr.fac2[86,1]  1.0024627  1.0054680
ilr.fac2[86,2]  1.0062466  1.0076227
ilr.fac2[87,1]  1.0012698  1.0014161
ilr.fac2[87,2]  1.0007748  1.0020421
ilr.fac2[88,1]  1.0018399  1.0035739
ilr.fac2[88,2]  1.0051915  1.0057162
ilr.fac2[89,1]  1.0112211  1.0256686
ilr.fac2[89,2]  1.0025593  1.0028005
ilr.fac2[9,1]   1.0008464  1.0010361
ilr.fac2[9,2]   1.0015577  1.0016170
ilr.global[1]   1.0242925  1.0770859
ilr.global[2]   1.0921123  1.2532727
loglik[1]       1.0017225  1.0051709
loglik[10]      1.0008436  1.0044281
loglik[11]      1.0045290  1.0177676
loglik[12]      1.0034203  1.0073394
loglik[13]      1.0011419  1.0051707
loglik[14]      1.0028805  1.0068095
loglik[15]      1.0035829  1.0142494
loglik[16]      0.9996960  1.0002147
loglik[17]      1.0080053  1.0115149
loglik[18]      1.0099176  1.0123140
loglik[19]      1.0022456  1.0044391
loglik[2]       1.0017722  1.0028474
loglik[20]      1.0006106  1.0020770
loglik[21]      1.0003580  1.0020549
loglik[22]      1.0042378  1.0049615
loglik[23]      1.0011416  1.0048332
loglik[24]      1.0015192  1.0029462
loglik[25]      0.9998740  1.0000309
loglik[26]      1.0002087  1.0017658
loglik[27]      1.0024155  1.0028827
loglik[28]      1.0341859  1.0407899
loglik[29]      1.0037643  1.0051477
loglik[3]       1.0004449  1.0008891
loglik[30]      1.0098080  1.0119652
loglik[31]      1.0039743  1.0047758
loglik[32]      1.0039493  1.0054864
loglik[33]      1.0055756  1.0064575
loglik[34]      1.0011158  1.0032758
loglik[35]      1.0001921  1.0004514
loglik[36]      1.0015997  1.0016352
loglik[37]      1.0000926  1.0009045
loglik[38]      1.0086350  1.0118557
loglik[39]      1.0012298  1.0039591
loglik[4]       1.0005293  1.0019941
loglik[40]      1.0046954  1.0106649
loglik[41]      1.0006011  1.0029880
loglik[42]      1.0004016  1.0005261
loglik[43]      1.0037961  1.0068164
loglik[44]      0.9998870  0.9998905
loglik[45]      1.0000870  1.0012815
loglik[46]      1.0094874  1.0191530
loglik[47]      0.9997318  1.0002428
loglik[48]      1.0058344  1.0115491
loglik[49]      1.0058226  1.0082464
loglik[5]       1.0051342  1.0054412
loglik[50]      1.0033180  1.0052341
loglik[51]      1.0005232  1.0022899
loglik[52]      1.0039867  1.0048698
loglik[53]      1.0003630  1.0017535
loglik[54]      1.0017641  1.0045094
loglik[55]      1.0028340  1.0032928
loglik[56]      1.0038747  1.0114999
loglik[57]      1.0126147  1.0230970
loglik[58]      1.0003073  1.0021112
loglik[59]      1.0044775  1.0141867
loglik[6]       1.0017522  1.0023200
loglik[60]      1.0013663  1.0041687
loglik[61]      1.0003287  1.0007073
loglik[62]      1.0024817  1.0040340
loglik[63]      1.0012687  1.0051611
loglik[64]      1.0012584  1.0030825
loglik[65]      1.0004611  1.0021333
loglik[66]      1.0013306  1.0043489
loglik[67]      1.0070291  1.0071272
loglik[68]      1.0049913  1.0090170
loglik[69]      1.0004104  1.0014034
loglik[7]       1.0016261  1.0051368
loglik[70]      1.0010536  1.0021966
loglik[71]      1.0016741  1.0035567
loglik[72]      1.0028448  1.0051727
loglik[73]      1.0041019  1.0067644
loglik[74]      1.0032781  1.0065934
loglik[75]      1.0006398  1.0028022
loglik[76]      1.0044097  1.0049909
loglik[77]      1.0000820  1.0003934
loglik[78]      1.0025529  1.0034076
loglik[79]      1.0016536  1.0068515
loglik[8]       1.0063790  1.0102705
loglik[80]      1.0018534  1.0047355
loglik[81]      1.0019025  1.0022807
loglik[82]      1.0023274  1.0090470
loglik[83]      1.0000509  1.0000591
loglik[84]      1.0036799  1.0079012
loglik[85]      1.0020742  1.0040353
loglik[86]      1.0046786  1.0058493
loglik[87]      1.0023931  1.0028960
loglik[88]      1.0056485  1.0099579
loglik[89]      1.0010078  1.0021053
loglik[9]       1.0025881  1.0032121
p.fac1[1,1]     1.0176137  1.0559541
p.fac1[1,2]     1.0232817  1.0726671
p.fac1[1,3]     1.0517899  1.1292727
p.fac1[10,1]    1.0001339  1.0010081
p.fac1[10,2]    1.0015840  1.0044517
p.fac1[10,3]    1.0132093  1.0261376
p.fac1[11,1]    1.0091412  1.0181702
p.fac1[11,2]    1.0082171  1.0178008
p.fac1[11,3]    1.0422050  1.0598490
p.fac1[2,1]     1.0022416  1.0037375
p.fac1[2,2]     1.0029250  1.0081920
p.fac1[2,3]     1.0272177  1.0625034
p.fac1[3,1]     1.0021449  1.0081855
p.fac1[3,2]     1.0043308  1.0154788
p.fac1[3,3]     1.0239757  1.0584447
p.fac1[4,1]     1.0027926  1.0087801
p.fac1[4,2]     1.0063818  1.0193618
p.fac1[4,3]     1.0108402  1.0318475
p.fac1[5,1]     1.0040546  1.0104204
p.fac1[5,2]     1.0053345  1.0147472
p.fac1[5,3]     1.0225107  1.0464137
p.fac1[6,1]     1.0019949  1.0082058
p.fac1[6,2]     1.0028048  1.0110428
p.fac1[6,3]     1.0077171  1.0269238
p.fac1[7,1]     1.0046626  1.0154562
p.fac1[7,2]     1.0053886  1.0177844
p.fac1[7,3]     1.0144885  1.0273426
p.fac1[8,1]     1.0088997  1.0144209
p.fac1[8,2]     1.0099432  1.0192661
p.fac1[8,3]     1.0154295  1.0358830
p.fac1[9,1]     1.0030260  1.0101420
p.fac1[9,2]     1.0050877  1.0164483
p.fac1[9,3]     1.0373646  1.0800471
p.global[1]     1.0176137  1.0559541
p.global[2]     1.0232817  1.0726671
p.global[3]     1.0517899  1.1292727
resid.prop[1]   1.0020080  1.0086178
resid.prop[2]   1.0016680  1.0069177
resid.prop[3]   1.0065517  1.0187426

################################################################################
# Geweke Diagnostic
################################################################################

The Geweke diagnostic is a standard z-score, so we'd expect 5% to be outside +/-1.96
Number of variables outside +/-1.96 in each chain (out of 
332
):


       Chain 1 Chain 2 Chain 3
Geweke      42      56      27


And here are the Geweke diagnostics for all variables:

               chain1 chain2 chain3
deviance        1.603  1.250 -0.505
fac2.sig       -2.129  4.115 -0.792
ilr.fac1[10,1] -0.988 -0.702 -1.331
ilr.fac1[10,2] -0.341  0.692 -0.529
ilr.fac1[11,1] -0.144 -0.443  1.479
ilr.fac1[11,2] -0.085 -0.830  0.153
ilr.fac1[2,1]  -0.778  0.915  0.703
ilr.fac1[2,2]   0.494 -1.918  0.433
ilr.fac1[3,1]  -1.664  0.904  0.597
ilr.fac1[3,2]  -0.200 -0.767 -0.808
ilr.fac1[4,1]  -0.475  1.519 -0.037
ilr.fac1[4,2]   2.184  0.349 -1.458
ilr.fac1[5,1]  -1.544  0.648  0.812
ilr.fac1[5,2]   1.862 -1.510  0.792
ilr.fac1[6,1]  -1.153  1.966  3.260
ilr.fac1[6,2]   1.328 -0.537  1.463
ilr.fac1[7,1]  -1.234  3.349  1.082
ilr.fac1[7,2]   1.291 -1.711  0.528
ilr.fac1[8,1]   1.035  0.104 -0.555
ilr.fac1[8,2]   1.455  0.752  2.005
ilr.fac1[9,1]  -1.918  2.307  2.342
ilr.fac1[9,2]   0.495 -0.327  0.680
ilr.fac2[1,1]  -3.913  2.725  0.563
ilr.fac2[1,2]   0.676 -1.608  0.388
ilr.fac2[10,1]  0.230 -0.294  1.417
ilr.fac2[10,2]  0.473 -0.726 -1.415
ilr.fac2[11,1] -0.148 -1.784 -0.199
ilr.fac2[11,2] -2.340  0.282  0.175
ilr.fac2[12,1] -0.518 -1.689 -0.156
ilr.fac2[12,2] -0.148  1.391 -0.917
ilr.fac2[13,1]  0.233  0.045  1.155
ilr.fac2[13,2]  1.531  0.076 -0.627
ilr.fac2[14,1]  0.297  0.039  0.954
ilr.fac2[14,2] -0.955  1.527  0.978
ilr.fac2[15,1]  1.651 -0.710  0.244
ilr.fac2[15,2]  0.183 -0.882  1.320
ilr.fac2[16,1] -0.975  0.911  0.514
ilr.fac2[16,2] -2.396  0.264  1.966
ilr.fac2[17,1] -1.761  2.222  0.646
ilr.fac2[17,2]  2.380  0.234 -0.510
ilr.fac2[18,1] -1.997  1.928  0.034
ilr.fac2[18,2] -1.369  0.787 -1.795
ilr.fac2[19,1] -2.110  2.640  0.075
ilr.fac2[19,2]  0.868  1.084 -0.473
ilr.fac2[2,1]  -1.695  1.483  0.868
ilr.fac2[2,2]   1.801 -2.511  0.255
ilr.fac2[20,1] -1.191 -2.205  1.389
ilr.fac2[20,2]  1.680 -0.732  0.404
ilr.fac2[21,1]  0.209 -1.676  0.791
ilr.fac2[21,2]  2.000 -3.138  1.212
ilr.fac2[22,1] -0.300  1.541  0.588
ilr.fac2[22,2] -0.344  0.650 -0.896
ilr.fac2[23,1]  0.605  1.013 -0.601
ilr.fac2[23,2]  1.750  0.252 -2.556
ilr.fac2[24,1]  1.743  0.358 -0.018
ilr.fac2[24,2] -0.645 -2.339 -0.525
ilr.fac2[25,1] -0.568  0.316  0.996
ilr.fac2[25,2]  0.662  1.204  0.555
ilr.fac2[26,1] -0.610 -2.764  0.635
ilr.fac2[26,2]  0.446 -0.746  0.174
ilr.fac2[27,1] -2.203 -0.513 -0.184
ilr.fac2[27,2]  1.190 -0.769  0.409
ilr.fac2[28,1] -1.884 -0.701  0.191
ilr.fac2[28,2] -1.512 -1.202  0.479
ilr.fac2[29,1] -0.214 -2.692  0.849
ilr.fac2[29,2]  1.020 -0.792 -1.935
ilr.fac2[3,1]   2.002 -2.126  0.153
ilr.fac2[3,2]  -0.706 -0.535  0.547
ilr.fac2[30,1]  0.611  0.841  0.319
ilr.fac2[30,2] -0.884  0.435 -0.713
ilr.fac2[31,1]  0.911 -1.330 -0.046
ilr.fac2[31,2] -2.803  0.436 -1.872
ilr.fac2[32,1]  1.472 -1.915 -0.426
ilr.fac2[32,2]  0.673 -1.054 -0.221
ilr.fac2[33,1]  0.399 -2.208 -0.523
ilr.fac2[33,2]  0.457 -1.031 -0.969
ilr.fac2[34,1]  0.375 -3.078  1.160
ilr.fac2[34,2]  0.103 -0.312  0.331
ilr.fac2[35,1] -0.236 -0.940  3.179
ilr.fac2[35,2] -0.571 -2.003  1.099
ilr.fac2[36,1]  1.441 -0.558  0.477
ilr.fac2[36,2] -0.555  0.455 -1.026
ilr.fac2[37,1] -0.632  1.651  0.667
ilr.fac2[37,2]  1.323 -2.757  1.841
ilr.fac2[38,1] -0.155 -1.169 -1.594
ilr.fac2[38,2]  0.677  1.043 -0.063
ilr.fac2[39,1]  1.251 -0.249  2.599
ilr.fac2[39,2] -2.258 -1.594  0.663
ilr.fac2[4,1]   1.641  0.622  0.812
ilr.fac2[4,2]   0.297  0.890 -0.221
ilr.fac2[40,1]  0.366  1.526 -0.366
ilr.fac2[40,2]  0.812 -0.498 -0.681
ilr.fac2[41,1]  0.087 -0.826  0.436
ilr.fac2[41,2]  0.593 -1.055 -2.074
ilr.fac2[42,1]  0.297  1.569  2.333
ilr.fac2[42,2] -0.965 -0.156 -0.319
ilr.fac2[43,1]  0.694 -0.240  1.663
ilr.fac2[43,2] -0.453  0.043  0.703
ilr.fac2[44,1] -1.231 -0.312  0.184
ilr.fac2[44,2]  0.470 -0.672  0.455
ilr.fac2[45,1]  0.733 -0.764  0.505
ilr.fac2[45,2]  2.568  1.096 -2.211
ilr.fac2[46,1] -1.761  4.036  1.542
ilr.fac2[46,2] -4.876 -0.300  0.774
ilr.fac2[47,1] -2.434  1.967  0.493
ilr.fac2[47,2] -1.650  0.164  0.000
ilr.fac2[48,1] -1.705  1.551 -0.074
ilr.fac2[48,2] -1.158 -1.022 -0.216
ilr.fac2[49,1]  2.775 -0.302  0.420
ilr.fac2[49,2]  0.713 -0.979  0.315
ilr.fac2[5,1]  -2.624  1.583  2.082
ilr.fac2[5,2]   1.456  0.550 -0.106
ilr.fac2[50,1] -0.246 -0.566  0.975
ilr.fac2[50,2] -1.333 -0.990  0.419
ilr.fac2[51,1] -0.345 -1.400  2.249
ilr.fac2[51,2] -0.572 -0.523  1.648
ilr.fac2[52,1]  1.208  1.749  0.930
ilr.fac2[52,2] -0.807 -0.124  0.536
ilr.fac2[53,1] -1.130 -0.061  0.118
ilr.fac2[53,2]  0.619 -0.178 -0.477
ilr.fac2[54,1]  1.027  0.896 -0.403
ilr.fac2[54,2] -0.310  0.193 -1.894
ilr.fac2[55,1]  1.105 -0.464 -1.044
ilr.fac2[55,2] -1.704 -0.997  1.004
ilr.fac2[56,1] -2.573  2.786 -1.924
ilr.fac2[56,2] -0.939  0.787 -1.068
ilr.fac2[57,1] -2.200  2.533 -1.825
ilr.fac2[57,2] -2.094 -0.845  0.284
ilr.fac2[58,1] -1.610  1.580 -1.156
ilr.fac2[58,2]  0.393  0.232  0.389
ilr.fac2[59,1] -0.099 -1.218  0.302
ilr.fac2[59,2]  0.594  0.559  0.935
ilr.fac2[6,1]   0.160 -0.960  0.153
ilr.fac2[6,2]   0.350  0.181  1.225
ilr.fac2[60,1]  0.285 -0.491  0.561
ilr.fac2[60,2] -2.563 -0.031 -0.771
ilr.fac2[61,1]  3.003 -0.878  1.719
ilr.fac2[61,2] -0.972  2.851  2.706
ilr.fac2[62,1]  1.164 -0.360  0.536
ilr.fac2[62,2]  0.042  0.463  0.792
ilr.fac2[63,1]  0.537 -2.339  0.813
ilr.fac2[63,2] -1.256  0.195 -1.265
ilr.fac2[64,1] -0.611  1.900  0.648
ilr.fac2[64,2] -1.735 -0.754 -0.908
ilr.fac2[65,1] -0.624  2.343  0.844
ilr.fac2[65,2]  1.014  0.731  2.338
ilr.fac2[66,1]  0.379 -0.845  1.809
ilr.fac2[66,2] -1.066  1.580  1.381
ilr.fac2[67,1] -0.455 -1.847  0.326
ilr.fac2[67,2] -1.641  2.107 -0.651
ilr.fac2[68,1] -0.527  0.550  0.853
ilr.fac2[68,2]  0.220  0.340  0.878
ilr.fac2[69,1]  0.666 -0.221  0.944
ilr.fac2[69,2] -0.268  1.772  3.085
ilr.fac2[7,1]  -3.178 -0.033 -0.138
ilr.fac2[7,2]   0.587  0.101  1.063
ilr.fac2[70,1] -1.996  2.044  0.413
ilr.fac2[70,2] -0.911 -0.082 -1.115
ilr.fac2[71,1]  1.773 -0.301  0.303
ilr.fac2[71,2]  0.561 -1.561 -0.611
ilr.fac2[72,1] -2.514  1.435  0.632
ilr.fac2[72,2]  1.184  0.892  0.074
ilr.fac2[73,1] -0.353 -1.266  1.267
ilr.fac2[73,2] -0.815  1.374  0.167
ilr.fac2[74,1] -0.981  0.334  1.165
ilr.fac2[74,2] -0.004 -0.104 -1.753
ilr.fac2[75,1]  0.735  1.328  1.215
ilr.fac2[75,2] -0.173  0.735 -1.051
ilr.fac2[76,1]  1.155 -0.427  1.104
ilr.fac2[76,2]  0.102 -3.522  0.686
ilr.fac2[77,1]  1.130  0.031 -0.534
ilr.fac2[77,2]  0.527  0.101  0.397
ilr.fac2[78,1] -0.669  0.533  0.545
ilr.fac2[78,2]  1.765 -1.336  0.954
ilr.fac2[79,1]  0.454 -2.945  2.084
ilr.fac2[79,2] -0.318 -1.847  1.936
ilr.fac2[8,1]   0.504  0.537  0.057
ilr.fac2[8,2]   0.580  1.098 -0.805
ilr.fac2[80,1] -1.674 -2.230  2.547
ilr.fac2[80,2]  1.030  0.393 -0.226
ilr.fac2[81,1]  0.669 -0.597  0.063
ilr.fac2[81,2]  0.736 -0.531  0.435
ilr.fac2[82,1] -0.639  2.285 -0.770
ilr.fac2[82,2]  1.400  0.315 -2.031
ilr.fac2[83,1]  0.797  0.141  0.214
ilr.fac2[83,2]  1.980 -1.955  0.009
ilr.fac2[84,1]  1.002  0.254  1.599
ilr.fac2[84,2]  0.477  1.085 -0.145
ilr.fac2[85,1]  1.448  0.278 -0.351
ilr.fac2[85,2]  0.784  1.162 -0.514
ilr.fac2[86,1]  1.466 -0.293 -0.831
ilr.fac2[86,2]  1.915  0.624 -0.531
ilr.fac2[87,1]  0.302 -0.477  0.334
ilr.fac2[87,2]  2.196  1.035  0.801
ilr.fac2[88,1]  1.380  0.051  1.435
ilr.fac2[88,2] -0.886  0.000  0.016
ilr.fac2[89,1] -0.755 -1.092  1.536
ilr.fac2[89,2] -0.453 -0.545  0.401
ilr.fac2[9,1]  -1.911  0.777  2.228
ilr.fac2[9,2]  -0.990 -0.247  1.033
ilr.global[1]   2.565 -2.706 -0.986
ilr.global[2]  -1.501  2.183 -0.605
loglik[1]      -1.120  1.164  1.777
loglik[10]      0.327 -0.717  0.937
loglik[11]      1.924 -0.964 -0.550
loglik[12]      0.893 -0.999 -0.063
loglik[13]     -0.144 -0.590 -0.678
loglik[14]      0.767 -1.079 -0.139
loglik[15]     -0.385  0.455 -0.626
loglik[16]     -0.869 -0.304 -0.056
loglik[17]     -0.567 -0.604  0.265
loglik[18]     -1.394  0.030  0.852
loglik[19]      1.171 -1.258  0.266
loglik[2]       1.122 -0.914  2.032
loglik[20]     -1.883 -0.521  0.884
loglik[21]     -1.752  2.235 -0.402
loglik[22]     -0.851  0.131 -1.541
loglik[23]      0.394 -1.069  3.598
loglik[24]      1.916 -0.332  0.976
loglik[25]     -0.288 -0.383  0.147
loglik[26]     -1.109  0.940 -0.243
loglik[27]     -0.731  0.394  0.045
loglik[28]      0.155 -0.600  0.299
loglik[29]     -0.390  0.826 -0.557
loglik[3]      -1.549 -0.756  0.409
loglik[30]     -1.409 -0.257  1.377
loglik[31]     -1.796 -0.223 -0.076
loglik[32]     -2.358 -0.448  0.138
loglik[33]     -1.434 -0.694 -0.801
loglik[34]     -1.422  0.561 -0.522
loglik[35]      1.523 -0.993  0.981
loglik[36]     -0.027 -0.626  0.437
loglik[37]      0.725 -0.645  0.607
loglik[38]     -1.011  1.403  1.312
loglik[39]     -0.539  0.734 -0.072
loglik[4]       1.627 -0.375 -0.855
loglik[40]     -1.125  0.584  0.520
loglik[41]     -0.964  0.286 -0.003
loglik[42]      1.675 -0.262  0.732
loglik[43]      0.244 -0.609  0.587
loglik[44]     -0.746 -1.491  0.244
loglik[45]     -0.960  0.135  1.607
loglik[46]     -0.500 -1.852 -0.811
loglik[47]     -2.544 -1.227  0.099
loglik[48]     -0.041 -0.518  0.267
loglik[49]     -1.156 -0.109  1.750
loglik[5]      -1.367  0.818  2.323
loglik[50]     -0.916  1.064  0.661
loglik[51]     -0.423  0.615 -1.149
loglik[52]     -1.416 -1.400  2.495
loglik[53]     -2.284 -0.256 -0.315
loglik[54]     -0.399 -0.613 -0.758
loglik[55]     -0.557 -0.524 -0.078
loglik[56]     -1.628  1.555 -0.265
loglik[57]     -0.974  1.417  1.351
loglik[58]     -0.015 -0.253 -0.724
loglik[59]     -1.147 -0.029 -0.968
loglik[6]      -0.309 -0.499 -0.155
loglik[60]     -0.453 -0.139  0.004
loglik[61]     -1.091  2.183 -1.744
loglik[62]     -0.178 -0.055  0.143
loglik[63]      1.158  0.336 -2.346
loglik[64]      2.227  0.460 -0.055
loglik[65]     -0.627  0.202  0.841
loglik[66]      0.447 -0.172 -1.339
loglik[67]      0.020  1.330 -1.753
loglik[68]     -0.348  0.571 -1.352
loglik[69]     -0.628  0.699 -1.573
loglik[7]       0.454 -1.212 -0.967
loglik[70]     -0.149 -2.892 -0.542
loglik[71]     -1.759 -0.609  0.294
loglik[72]     -1.748  0.386 -0.391
loglik[73]     -0.808 -0.833  1.582
loglik[74]      0.384 -1.051  1.014
loglik[75]      1.089 -1.210 -0.351
loglik[76]     -1.195  0.098  0.948
loglik[77]     -0.842  0.392  0.936
loglik[78]     -0.011 -0.056  1.543
loglik[79]      1.361 -0.789 -0.890
loglik[8]      -1.180 -0.867  1.318
loglik[80]      0.000  0.029 -0.777
loglik[81]     -0.476 -0.488 -2.268
loglik[82]     -0.092  2.506 -0.139
loglik[83]     -0.600  0.400  1.492
loglik[84]     -0.225 -0.308  0.674
loglik[85]      1.097 -0.668 -0.423
loglik[86]      0.126 -0.602  2.676
loglik[87]     -1.099 -0.215 -1.614
loglik[88]     -1.739  0.346 -0.073
loglik[89]      0.674 -0.195  0.337
loglik[9]      -0.232  0.764 -0.268
p.fac1[1,1]     1.582 -2.456 -0.768
p.fac1[1,2]    -2.037  2.769  0.380
p.fac1[1,3]     1.322 -2.400  0.096
p.fac1[10,1]   -0.396 -2.926 -2.361
p.fac1[10,2]   -0.794  3.452  1.911
p.fac1[10,3]    2.552 -3.727  0.109
p.fac1[11,1]   -0.039 -1.759  0.429
p.fac1[11,2]   -0.244  2.304 -0.490
p.fac1[11,3]    1.086 -1.518  0.422
p.fac1[2,1]     1.046 -1.740 -0.848
p.fac1[2,2]    -1.451  2.080  0.700
p.fac1[2,3]     2.018 -1.434  0.290
p.fac1[3,1]     0.585 -1.897 -1.533
p.fac1[3,2]    -1.137  2.221  0.956
p.fac1[3,3]     2.156 -2.111  0.950
p.fac1[4,1]     1.896 -1.310 -1.133
p.fac1[4,2]    -1.979  1.885  0.856
p.fac1[4,3]     0.914 -3.180 -0.071
p.fac1[5,1]     0.442 -2.270 -0.417
p.fac1[5,2]    -0.383  2.446  0.403
p.fac1[5,3]    -0.304 -1.698 -0.038
p.fac1[6,1]     0.901 -1.338  1.020
p.fac1[6,2]    -1.062  1.416 -1.087
p.fac1[6,3]     0.689 -0.794  1.360
p.fac1[7,1]     1.069 -1.313  0.328
p.fac1[7,2]    -1.244  1.459 -0.389
p.fac1[7,3]     1.548 -1.189  0.888
p.fac1[8,1]     2.473 -1.781 -0.970
p.fac1[8,2]    -2.609  2.378  1.005
p.fac1[8,3]     1.104 -3.967 -0.448
p.fac1[9,1]     0.361 -0.862  0.153
p.fac1[9,2]    -0.715  0.736 -0.105
p.fac1[9,3]     1.470 -1.030 -0.267
p.global[1]     1.582 -2.456 -0.768
p.global[2]    -2.037  2.769  0.380
p.global[3]     1.322 -2.400  0.096
resid.prop[1]  -0.470  1.489 -0.650
resid.prop[2]   1.293 -0.629 -1.086
resid.prop[3]   2.230 -2.551 -0.562
