
################################################################################
# Gelman-Rubin Diagnostic
################################################################################

Generally the Gelman diagnostic should be < 1.05


Out of 404 variables: 13 > 1.01

                      
0 > 1.05

                      
0 > 1.1


The worst variables are:

             Point est. Upper C.I.
p.fac1[10,3]   1.027536   1.033282
p.fac1[1,1]    1.021828   1.052905
p.global[1]    1.021828   1.052905
p.fac1[1,2]    1.020515   1.047914
p.global[2]    1.020515   1.047914
loglik[33]     1.019031   1.020643
loglik[95]     1.015739   1.019529
loglik[60]     1.015602   1.019565
p.fac1[2,3]    1.013983   1.019811
loglik[93]     1.013042   1.014699


And here are the Gelman diagnostics for all variables:

                Point est. Upper C.I.
deviance         1.0009348  1.0033776
fac2.sig         1.0016631  1.0022659
ilr.fac1[1,1]          NaN        NaN
ilr.fac1[1,2]          NaN        NaN
ilr.fac1[10,1]   1.0020543  1.0084435
ilr.fac1[10,2]   1.0000202  1.0012097
ilr.fac1[11,1]   1.0019782  1.0059829
ilr.fac1[11,2]   1.0001801  1.0014399
ilr.fac1[2,1]    1.0012648  1.0059045
ilr.fac1[2,2]    0.9998881  1.0005332
ilr.fac1[3,1]    0.9998049  1.0003971
ilr.fac1[3,2]    1.0059145  1.0226890
ilr.fac1[4,1]    1.0012426  1.0051238
ilr.fac1[4,2]    1.0010197  1.0042241
ilr.fac1[5,1]    0.9999599  1.0006107
ilr.fac1[5,2]    1.0001714  1.0018141
ilr.fac1[6,1]    1.0014725  1.0053503
ilr.fac1[6,2]    1.0004432  1.0027695
ilr.fac1[7,1]    0.9999625  1.0010642
ilr.fac1[7,2]    0.9997191  0.9999971
ilr.fac1[8,1]    0.9996025  0.9998718
ilr.fac1[8,2]    1.0001324  1.0013140
ilr.fac1[9,1]    1.0002982  1.0023115
ilr.fac1[9,2]    0.9996148  0.9998492
ilr.fac2[1,1]    1.0001962  1.0009487
ilr.fac2[1,2]    1.0001497  1.0016387
ilr.fac2[10,1]   1.0007508  1.0013160
ilr.fac2[10,2]   1.0005805  1.0027255
ilr.fac2[100,1]  1.0009888  1.0023481
ilr.fac2[100,2]  1.0001629  1.0004948
ilr.fac2[101,1]  1.0015596  1.0055730
ilr.fac2[101,2]  1.0029930  1.0069566
ilr.fac2[102,1]  1.0030649  1.0043197
ilr.fac2[102,2]  0.9997981  1.0004815
ilr.fac2[103,1]  1.0004585  1.0019146
ilr.fac2[103,2]  1.0015609  1.0057495
ilr.fac2[104,1]  1.0003015  1.0012422
ilr.fac2[104,2]  1.0007176  1.0028725
ilr.fac2[105,1]  1.0010797  1.0044502
ilr.fac2[105,2]  1.0019746  1.0071405
ilr.fac2[106,1]  0.9998200  0.9998734
ilr.fac2[106,2]  0.9997609  1.0004032
ilr.fac2[107,1]  1.0011146  1.0052450
ilr.fac2[107,2]  1.0005124  1.0022790
ilr.fac2[108,1]  1.0003487  1.0022922
ilr.fac2[108,2]  1.0002366  1.0016010
ilr.fac2[109,1]  0.9995995  0.9997927
ilr.fac2[109,2]  1.0003483  1.0021165
ilr.fac2[11,1]   1.0002532  1.0015366
ilr.fac2[11,2]   0.9999113  1.0003933
ilr.fac2[110,1]  1.0031562  1.0115344
ilr.fac2[110,2]  1.0006538  1.0035690
ilr.fac2[111,1]  1.0014109  1.0025922
ilr.fac2[111,2]  0.9999185  1.0004402
ilr.fac2[112,1]  1.0013713  1.0057551
ilr.fac2[112,2]  0.9998131  1.0001740
ilr.fac2[113,1]  1.0003594  1.0007788
ilr.fac2[113,2]  1.0002888  1.0020512
ilr.fac2[12,1]   1.0007020  1.0022944
ilr.fac2[12,2]   1.0001161  1.0006906
ilr.fac2[13,1]   0.9997747  1.0001309
ilr.fac2[13,2]   1.0008086  1.0036153
ilr.fac2[14,1]   1.0014289  1.0047702
ilr.fac2[14,2]   0.9999395  1.0001916
ilr.fac2[15,1]   1.0012338  1.0058514
ilr.fac2[15,2]   0.9999317  1.0001546
ilr.fac2[16,1]   1.0008646  1.0020693
ilr.fac2[16,2]   1.0016560  1.0023334
ilr.fac2[17,1]   1.0014873  1.0054268
ilr.fac2[17,2]   1.0014893  1.0066652
ilr.fac2[18,1]   1.0000837  1.0013819
ilr.fac2[18,2]   1.0008434  1.0031835
ilr.fac2[19,1]   1.0007543  1.0016243
ilr.fac2[19,2]   1.0000137  1.0004545
ilr.fac2[2,1]    1.0017468  1.0033187
ilr.fac2[2,2]    1.0045685  1.0085572
ilr.fac2[20,1]   1.0022879  1.0054099
ilr.fac2[20,2]   1.0003121  1.0009578
ilr.fac2[21,1]   1.0012289  1.0019342
ilr.fac2[21,2]   0.9998367  0.9999943
ilr.fac2[22,1]   1.0007022  1.0008870
ilr.fac2[22,2]   1.0068403  1.0166703
ilr.fac2[23,1]   1.0004117  1.0008163
ilr.fac2[23,2]   1.0005846  1.0033236
ilr.fac2[24,1]   1.0007286  1.0023625
ilr.fac2[24,2]   1.0009992  1.0017836
ilr.fac2[25,1]   1.0001365  1.0013732
ilr.fac2[25,2]   1.0009731  1.0028630
ilr.fac2[26,1]   1.0019715  1.0070152
ilr.fac2[26,2]   1.0067352  1.0224906
ilr.fac2[27,1]   0.9999396  1.0009764
ilr.fac2[27,2]   1.0005563  1.0022246
ilr.fac2[28,1]   1.0000137  1.0010003
ilr.fac2[28,2]   1.0007072  1.0011896
ilr.fac2[29,1]   1.0005428  1.0013485
ilr.fac2[29,2]   0.9998301  1.0003794
ilr.fac2[3,1]    1.0023217  1.0053073
ilr.fac2[3,2]    1.0003782  1.0013993
ilr.fac2[30,1]   1.0004234  1.0020751
ilr.fac2[30,2]   1.0008882  1.0020417
ilr.fac2[31,1]   0.9998544  1.0005811
ilr.fac2[31,2]   1.0004790  1.0026658
ilr.fac2[32,1]   1.0002160  1.0011308
ilr.fac2[32,2]   1.0029838  1.0088959
ilr.fac2[33,1]   1.0006388  1.0016413
ilr.fac2[33,2]   0.9999834  1.0008269
ilr.fac2[34,1]   1.0003177  1.0019470
ilr.fac2[34,2]   1.0003165  1.0010128
ilr.fac2[35,1]   1.0009498  1.0035092
ilr.fac2[35,2]   1.0011845  1.0029721
ilr.fac2[36,1]   0.9998806  0.9999641
ilr.fac2[36,2]   1.0004689  1.0016695
ilr.fac2[37,1]   1.0000128  1.0002327
ilr.fac2[37,2]   0.9998043  1.0005317
ilr.fac2[38,1]   1.0003599  1.0014928
ilr.fac2[38,2]   1.0000665  1.0015359
ilr.fac2[39,1]   1.0008065  1.0024443
ilr.fac2[39,2]   1.0003877  1.0010947
ilr.fac2[4,1]    1.0028286  1.0097949
ilr.fac2[4,2]    1.0014996  1.0045180
ilr.fac2[40,1]   0.9998794  1.0007028
ilr.fac2[40,2]   0.9997953  1.0003832
ilr.fac2[41,1]   1.0001842  1.0018514
ilr.fac2[41,2]   0.9998572  1.0003098
ilr.fac2[42,1]   1.0005754  1.0027157
ilr.fac2[42,2]   1.0008081  1.0034923
ilr.fac2[43,1]   0.9998966  1.0003152
ilr.fac2[43,2]   1.0003704  1.0010078
ilr.fac2[44,1]   1.0003960  1.0016741
ilr.fac2[44,2]   1.0005611  1.0024724
ilr.fac2[45,1]   1.0011882  1.0033112
ilr.fac2[45,2]   1.0012737  1.0050035
ilr.fac2[46,1]   1.0001776  1.0016183
ilr.fac2[46,2]   1.0005310  1.0025188
ilr.fac2[47,1]   1.0009639  1.0017691
ilr.fac2[47,2]   1.0005095  1.0015436
ilr.fac2[48,1]   1.0003935  1.0006125
ilr.fac2[48,2]   1.0005080  1.0025809
ilr.fac2[49,1]   1.0013859  1.0025690
ilr.fac2[49,2]   1.0003453  1.0019641
ilr.fac2[5,1]    1.0012587  1.0026159
ilr.fac2[5,2]    1.0040045  1.0074487
ilr.fac2[50,1]   1.0006967  1.0037542
ilr.fac2[50,2]   1.0002575  1.0015019
ilr.fac2[51,1]   1.0024157  1.0083001
ilr.fac2[51,2]   1.0001106  1.0009715
ilr.fac2[52,1]   1.0034109  1.0100089
ilr.fac2[52,2]   1.0001200  1.0011453
ilr.fac2[53,1]   0.9998393  1.0004502
ilr.fac2[53,2]   0.9997329  1.0001055
ilr.fac2[54,1]   1.0015686  1.0065237
ilr.fac2[54,2]   1.0005131  1.0028120
ilr.fac2[55,1]   1.0010531  1.0045266
ilr.fac2[55,2]   1.0003319  1.0006581
ilr.fac2[56,1]   1.0002342  1.0011628
ilr.fac2[56,2]   1.0007815  1.0037538
ilr.fac2[57,1]   1.0004686  1.0026296
ilr.fac2[57,2]   1.0002457  1.0021312
ilr.fac2[58,1]   0.9999339  1.0002483
ilr.fac2[58,2]   1.0000579  1.0014296
ilr.fac2[59,1]   1.0006539  1.0035479
ilr.fac2[59,2]   1.0007930  1.0018219
ilr.fac2[6,1]    1.0014589  1.0026812
ilr.fac2[6,2]    1.0006333  1.0021532
ilr.fac2[60,1]   0.9997129  1.0002660
ilr.fac2[60,2]   0.9997234  0.9999099
ilr.fac2[61,1]   1.0004068  1.0005229
ilr.fac2[61,2]   1.0003688  1.0025490
ilr.fac2[62,1]   1.0004963  1.0020333
ilr.fac2[62,2]   1.0000202  1.0012105
ilr.fac2[63,1]   1.0022981  1.0084697
ilr.fac2[63,2]   0.9995937  0.9996937
ilr.fac2[64,1]   1.0000269  1.0006559
ilr.fac2[64,2]   1.0016412  1.0056060
ilr.fac2[65,1]   0.9998421  1.0003322
ilr.fac2[65,2]   1.0001237  1.0016795
ilr.fac2[66,1]   1.0006713  1.0013252
ilr.fac2[66,2]   1.0006676  1.0023039
ilr.fac2[67,1]   1.0045788  1.0134354
ilr.fac2[67,2]   1.0000841  1.0002941
ilr.fac2[68,1]   1.0000910  1.0016442
ilr.fac2[68,2]   1.0005131  1.0031957
ilr.fac2[69,1]   0.9999085  1.0000098
ilr.fac2[69,2]   1.0004383  1.0009121
ilr.fac2[7,1]    1.0034218  1.0126834
ilr.fac2[7,2]    1.0011052  1.0047999
ilr.fac2[70,1]   1.0016978  1.0047121
ilr.fac2[70,2]   1.0004728  1.0025728
ilr.fac2[71,1]   0.9998141  0.9998446
ilr.fac2[71,2]   1.0001904  1.0003535
ilr.fac2[72,1]   1.0005870  1.0018904
ilr.fac2[72,2]   1.0011708  1.0050790
ilr.fac2[73,1]   1.0002341  1.0020448
ilr.fac2[73,2]   1.0008940  1.0035998
ilr.fac2[74,1]   0.9999900  1.0012301
ilr.fac2[74,2]   1.0001423  1.0009326
ilr.fac2[75,1]   1.0015420  1.0046673
ilr.fac2[75,2]   0.9997455  1.0002910
ilr.fac2[76,1]   1.0017542  1.0064882
ilr.fac2[76,2]   1.0001299  1.0011348
ilr.fac2[77,1]   1.0006165  1.0029098
ilr.fac2[77,2]   0.9996344  0.9998157
ilr.fac2[78,1]   1.0028326  1.0099422
ilr.fac2[78,2]   1.0008497  1.0028235
ilr.fac2[79,1]   0.9998691  1.0000892
ilr.fac2[79,2]   1.0018865  1.0064166
ilr.fac2[8,1]    1.0030135  1.0068029
ilr.fac2[8,2]    1.0010061  1.0029649
ilr.fac2[80,1]   1.0036541  1.0100333
ilr.fac2[80,2]   1.0000108  1.0012482
ilr.fac2[81,1]   1.0005454  1.0024082
ilr.fac2[81,2]   1.0014132  1.0036661
ilr.fac2[82,1]   1.0008206  1.0040181
ilr.fac2[82,2]   1.0001167  1.0014312
ilr.fac2[83,1]   1.0000423  1.0002262
ilr.fac2[83,2]   1.0001195  1.0015419
ilr.fac2[84,1]   1.0037484  1.0062431
ilr.fac2[84,2]   0.9996920  1.0001892
ilr.fac2[85,1]   0.9998111  1.0005698
ilr.fac2[85,2]   0.9997611  0.9998505
ilr.fac2[86,1]   1.0033867  1.0122180
ilr.fac2[86,2]   1.0003990  1.0027929
ilr.fac2[87,1]   1.0002642  1.0012845
ilr.fac2[87,2]   1.0008796  1.0044113
ilr.fac2[88,1]   1.0007402  1.0035460
ilr.fac2[88,2]   1.0018865  1.0019248
ilr.fac2[89,1]   0.9999661  1.0003964
ilr.fac2[89,2]   1.0005766  1.0031220
ilr.fac2[9,1]    1.0002846  1.0003735
ilr.fac2[9,2]    1.0001651  1.0017905
ilr.fac2[90,1]   1.0008072  1.0016257
ilr.fac2[90,2]   1.0012827  1.0057299
ilr.fac2[91,1]   0.9996751  1.0001175
ilr.fac2[91,2]   1.0007066  1.0026795
ilr.fac2[92,1]   1.0006502  1.0027884
ilr.fac2[92,2]   1.0012376  1.0033226
ilr.fac2[93,1]   1.0003034  1.0013439
ilr.fac2[93,2]   1.0017898  1.0058120
ilr.fac2[94,1]   0.9999489  1.0008612
ilr.fac2[94,2]   1.0007970  1.0032032
ilr.fac2[95,1]   1.0010476  1.0042135
ilr.fac2[95,2]   1.0009277  1.0019816
ilr.fac2[96,1]   1.0007944  1.0025181
ilr.fac2[96,2]   1.0003902  1.0019987
ilr.fac2[97,1]   1.0004130  1.0005953
ilr.fac2[97,2]   1.0003010  1.0010934
ilr.fac2[98,1]   1.0003982  1.0024639
ilr.fac2[98,2]   1.0001054  1.0007212
ilr.fac2[99,1]   1.0000885  1.0011784
ilr.fac2[99,2]   1.0009710  1.0024140
ilr.global[1]    1.0102900  1.0262233
ilr.global[2]    1.0027076  1.0066140
loglik[1]        0.9999916  1.0006112
loglik[10]       1.0002241  1.0019006
loglik[100]      1.0012403  1.0033197
loglik[101]      1.0001863  1.0005107
loglik[102]      1.0017100  1.0045960
loglik[103]      1.0026418  1.0098573
loglik[104]      1.0069701  1.0099123
loglik[105]      1.0028818  1.0112126
loglik[106]      1.0044109  1.0053583
loglik[107]      1.0004557  1.0017373
loglik[108]      0.9999570  1.0003945
loglik[109]      1.0000692  1.0009606
loglik[11]       1.0055415  1.0092613
loglik[110]      1.0008643  1.0037370
loglik[111]      1.0036825  1.0066045
loglik[112]      1.0003074  1.0020126
loglik[113]      1.0030132  1.0080665
loglik[12]       1.0009682  1.0021079
loglik[13]       0.9999685  1.0012176
loglik[14]       1.0006387  1.0023307
loglik[15]       1.0012182  1.0016591
loglik[16]       1.0029819  1.0047520
loglik[17]       0.9998855  1.0008201
loglik[18]       1.0033459  1.0093436
loglik[19]       1.0018982  1.0063675
loglik[2]        0.9997491  1.0003801
loglik[20]       1.0013671  1.0036457
loglik[21]       1.0016063  1.0017037
loglik[22]       1.0050513  1.0054102
loglik[23]       1.0013128  1.0013896
loglik[24]       1.0002070  1.0016312
loglik[25]       1.0039333  1.0041632
loglik[26]       1.0087752  1.0112403
loglik[27]       1.0041865  1.0055042
loglik[28]       0.9995622  0.9996168
loglik[29]       1.0004893  1.0008931
loglik[3]        0.9997003  0.9998404
loglik[30]       1.0009335  1.0030316
loglik[31]       1.0024837  1.0030073
loglik[32]       1.0040165  1.0054646
loglik[33]       1.0190315  1.0206425
loglik[34]       1.0008711  1.0015853
loglik[35]       1.0048989  1.0053883
loglik[36]       1.0040040  1.0110123
loglik[37]       1.0073465  1.0075300
loglik[38]       1.0013141  1.0021937
loglik[39]       1.0016760  1.0058435
loglik[4]        1.0000699  1.0011196
loglik[40]       1.0004965  1.0017599
loglik[41]       1.0038265  1.0039518
loglik[42]       1.0004652  1.0025892
loglik[43]       1.0006842  1.0024217
loglik[44]       0.9999121  1.0008777
loglik[45]       0.9995127  0.9995279
loglik[46]       1.0018993  1.0056077
loglik[47]       1.0021209  1.0074310
loglik[48]       1.0036755  1.0048330
loglik[49]       1.0002686  1.0022387
loglik[5]        0.9998598  0.9999552
loglik[50]       1.0034610  1.0065744
loglik[51]       1.0037958  1.0061305
loglik[52]       1.0001841  1.0015351
loglik[53]       1.0029330  1.0030561
loglik[54]       1.0077182  1.0134519
loglik[55]       1.0027375  1.0056119
loglik[56]       1.0027668  1.0047688
loglik[57]       1.0045335  1.0048834
loglik[58]       0.9996350  0.9996561
loglik[59]       1.0072568  1.0074150
loglik[6]        1.0022199  1.0041372
loglik[60]       1.0156020  1.0195651
loglik[61]       1.0003268  1.0016936
loglik[62]       0.9995940  0.9997214
loglik[63]       1.0042668  1.0075948
loglik[64]       1.0027958  1.0035426
loglik[65]       1.0033514  1.0069488
loglik[66]       1.0030363  1.0033514
loglik[67]       1.0129734  1.0144259
loglik[68]       1.0061781  1.0141558
loglik[69]       0.9996961  1.0000413
loglik[7]        1.0052591  1.0138108
loglik[70]       1.0014577  1.0020047
loglik[71]       1.0066908  1.0137562
loglik[72]       1.0095016  1.0116170
loglik[73]       1.0010487  1.0028605
loglik[74]       1.0069648  1.0098122
loglik[75]       1.0089215  1.0130464
loglik[76]       1.0026562  1.0051174
loglik[77]       1.0018232  1.0030371
loglik[78]       1.0034904  1.0041507
loglik[79]       1.0020786  1.0069160
loglik[8]        1.0016145  1.0038889
loglik[80]       1.0048364  1.0145654
loglik[81]       1.0008752  1.0013486
loglik[82]       0.9996746  0.9998462
loglik[83]       1.0038968  1.0040553
loglik[84]       1.0082921  1.0171245
loglik[85]       1.0022422  1.0026926
loglik[86]       1.0034739  1.0079240
loglik[87]       1.0088311  1.0132635
loglik[88]       1.0002264  1.0014799
loglik[89]       1.0004415  1.0027002
loglik[9]        0.9996679  0.9997068
loglik[90]       1.0034534  1.0035202
loglik[91]       1.0025983  1.0048731
loglik[92]       1.0034637  1.0035417
loglik[93]       1.0130422  1.0146989
loglik[94]       1.0066820  1.0088211
loglik[95]       1.0157393  1.0195290
loglik[96]       1.0001794  1.0012130
loglik[97]       1.0086099  1.0103151
loglik[98]       1.0005061  1.0023821
loglik[99]       1.0004770  1.0006418
p.fac1[1,1]      1.0218285  1.0529052
p.fac1[1,2]      1.0205153  1.0479140
p.fac1[1,3]      1.0076955  1.0104310
p.fac1[10,1]     1.0052688  1.0058863
p.fac1[10,2]     1.0019842  1.0031316
p.fac1[10,3]     1.0275362  1.0332824
p.fac1[11,1]     1.0023074  1.0048976
p.fac1[11,2]     1.0012164  1.0032630
p.fac1[11,3]     1.0000373  1.0001081
p.fac1[2,1]      1.0109892  1.0139208
p.fac1[2,2]      1.0090053  1.0130100
p.fac1[2,3]      1.0139831  1.0198114
p.fac1[3,1]      1.0013484  1.0050639
p.fac1[3,2]      1.0013760  1.0057471
p.fac1[3,3]      1.0001743  1.0018576
p.fac1[4,1]      1.0059199  1.0119649
p.fac1[4,2]      1.0045621  1.0104535
p.fac1[4,3]      1.0039860  1.0056877
p.fac1[5,1]      1.0019528  1.0061320
p.fac1[5,2]      1.0014469  1.0052969
p.fac1[5,3]      1.0053302  1.0054162
p.fac1[6,1]      1.0027924  1.0057588
p.fac1[6,2]      1.0029768  1.0058717
p.fac1[6,3]      0.9996397  0.9997186
p.fac1[7,1]      1.0040328  1.0108395
p.fac1[7,2]      1.0037935  1.0103365
p.fac1[7,3]      1.0002821  1.0003487
p.fac1[8,1]      1.0006929  1.0037312
p.fac1[8,2]      1.0006999  1.0033487
p.fac1[8,3]      1.0037436  1.0053682
p.fac1[9,1]      1.0028959  1.0099897
p.fac1[9,2]      1.0030848  1.0109183
p.fac1[9,3]      1.0063292  1.0094136
p.global[1]      1.0218285  1.0529052
p.global[2]      1.0205153  1.0479140
p.global[3]      1.0076955  1.0104310
resid.prop[1]    1.0003321  1.0006294
resid.prop[2]    1.0011535  1.0046037
resid.prop[3]    1.0005171  1.0008615

################################################################################
# Geweke Diagnostic
################################################################################

The Geweke diagnostic is a standard z-score, so we'd expect 5% to be outside +/-1.96
Number of variables outside +/-1.96 in each chain (out of 
404
):


       Chain 1 Chain 2 Chain 3
Geweke      15      24      48


And here are the Geweke diagnostics for all variables:

                chain1 chain2 chain3
deviance        -0.248  0.609 -2.219
fac2.sig        -0.267 -0.415 -1.414
ilr.fac1[10,1]   1.087  1.495 -2.597
ilr.fac1[10,2]   0.849 -0.559 -0.716
ilr.fac1[11,1]   0.168  0.908 -1.696
ilr.fac1[11,2]   0.151 -0.293 -0.862
ilr.fac1[2,1]    0.263  0.198 -1.580
ilr.fac1[2,2]   -0.538  0.076  2.690
ilr.fac1[3,1]   -0.491 -0.697 -1.195
ilr.fac1[3,2]   -0.502 -0.457 -0.113
ilr.fac1[4,1]    0.175  1.089 -1.422
ilr.fac1[4,2]    0.505 -0.950  1.261
ilr.fac1[5,1]   -0.358  2.186 -1.419
ilr.fac1[5,2]    1.066  0.917  0.439
ilr.fac1[6,1]   -0.014  0.555 -2.150
ilr.fac1[6,2]   -0.936 -0.731  0.722
ilr.fac1[7,1]   -0.377  0.774 -2.755
ilr.fac1[7,2]   -0.109 -0.972  0.333
ilr.fac1[8,1]   -0.299  1.897  2.198
ilr.fac1[8,2]    0.620 -0.040  1.225
ilr.fac1[9,1]   -0.787  1.262 -2.220
ilr.fac1[9,2]   -0.656 -1.848  0.547
ilr.fac2[1,1]   -0.097 -1.285 -1.368
ilr.fac2[1,2]   -0.238 -0.434 -0.721
ilr.fac2[10,1]   0.029  2.399 -0.247
ilr.fac2[10,2]   0.003  1.360  0.110
ilr.fac2[100,1] -1.040 -1.946 -3.070
ilr.fac2[100,2]  0.297 -0.858  2.145
ilr.fac2[101,1] -0.393 -0.134  0.618
ilr.fac2[101,2] -0.357  0.762  1.344
ilr.fac2[102,1]  0.677  0.771 -0.797
ilr.fac2[102,2]  1.077  1.251 -2.641
ilr.fac2[103,1] -0.625  0.595  0.060
ilr.fac2[103,2]  0.580  0.797  1.849
ilr.fac2[104,1] -0.802  0.777 -0.478
ilr.fac2[104,2] -0.036  0.384  1.928
ilr.fac2[105,1]  0.134  1.569  2.125
ilr.fac2[105,2]  0.228  0.554  1.278
ilr.fac2[106,1]  0.758  0.056  1.737
ilr.fac2[106,2] -1.151 -0.443  0.346
ilr.fac2[107,1]  0.826 -0.257  1.267
ilr.fac2[107,2] -0.781  1.594  0.193
ilr.fac2[108,1]  0.781 -0.811 -1.659
ilr.fac2[108,2]  0.075 -1.515  1.527
ilr.fac2[109,1] -1.020 -0.029 -0.292
ilr.fac2[109,2] -1.421  1.098  1.238
ilr.fac2[11,1]   0.800 -0.113 -0.681
ilr.fac2[11,2]  -0.307  2.095 -1.615
ilr.fac2[110,1] -0.384 -0.166  1.648
ilr.fac2[110,2]  1.079  0.352  0.519
ilr.fac2[111,1]  1.746  0.608  2.546
ilr.fac2[111,2] -0.001 -0.994 -0.004
ilr.fac2[112,1] -0.403  1.854  1.420
ilr.fac2[112,2]  0.172  0.251 -0.037
ilr.fac2[113,1] -0.543  0.353  0.051
ilr.fac2[113,2] -0.498  0.006  1.515
ilr.fac2[12,1]  -0.062  0.576 -0.327
ilr.fac2[12,2]  -0.379 -0.117 -2.037
ilr.fac2[13,1]  -0.473  0.556 -0.283
ilr.fac2[13,2]   0.395  0.152 -0.099
ilr.fac2[14,1]   1.085  0.625  0.020
ilr.fac2[14,2]   0.179 -0.298 -2.843
ilr.fac2[15,1]  -2.427  0.400  1.132
ilr.fac2[15,2]  -0.544 -0.992 -0.566
ilr.fac2[16,1]   1.060  0.229  1.746
ilr.fac2[16,2]  -0.294 -0.551 -1.678
ilr.fac2[17,1]   1.473  2.079 -0.150
ilr.fac2[17,2]  -1.665  0.399 -1.037
ilr.fac2[18,1]  -0.048  1.823 -0.371
ilr.fac2[18,2]  -1.579  0.834 -0.442
ilr.fac2[19,1]   0.133  0.465  0.586
ilr.fac2[19,2]   0.143  1.358 -0.295
ilr.fac2[2,1]   -1.341 -0.911 -2.294
ilr.fac2[2,2]   -0.491 -0.419  1.740
ilr.fac2[20,1]  -0.066  0.526 -1.343
ilr.fac2[20,2]   0.955 -1.478  1.385
ilr.fac2[21,1]  -0.886  0.244 -1.555
ilr.fac2[21,2]  -0.707 -0.443 -1.034
ilr.fac2[22,1]   1.389  0.588 -2.029
ilr.fac2[22,2]   0.193  0.252  1.541
ilr.fac2[23,1]  -0.148 -0.014 -1.403
ilr.fac2[23,2]   1.727  2.431  0.085
ilr.fac2[24,1]  -1.490  1.191 -1.893
ilr.fac2[24,2]  -1.945  1.233 -1.972
ilr.fac2[25,1]  -1.590 -0.027 -0.006
ilr.fac2[25,2]  -0.133 -0.207  1.342
ilr.fac2[26,1]  -0.682  1.059  0.349
ilr.fac2[26,2]  -0.340  0.298  1.378
ilr.fac2[27,1]  -0.199  1.500  0.247
ilr.fac2[27,2]  -0.768 -0.831  0.843
ilr.fac2[28,1]   1.949  0.638 -0.490
ilr.fac2[28,2]   0.240 -1.256  0.851
ilr.fac2[29,1]   1.634 -0.625 -0.644
ilr.fac2[29,2]  -0.081 -0.497 -0.105
ilr.fac2[3,1]    0.802  0.180  0.217
ilr.fac2[3,2]    0.066 -0.789 -1.478
ilr.fac2[30,1]   0.365  2.238 -1.048
ilr.fac2[30,2]   1.108 -0.432  0.082
ilr.fac2[31,1]   0.070  0.192  0.960
ilr.fac2[31,2]  -0.534  0.017 -0.828
ilr.fac2[32,1]  -0.285 -0.504 -0.144
ilr.fac2[32,2]  -1.574  0.636 -0.342
ilr.fac2[33,1]   0.774  0.905  3.034
ilr.fac2[33,2]  -0.464 -0.674  1.224
ilr.fac2[34,1]  -0.775  0.525  0.091
ilr.fac2[34,2]  -1.422 -0.997  1.870
ilr.fac2[35,1]  -2.215 -0.378  1.231
ilr.fac2[35,2]   1.714 -1.368 -0.504
ilr.fac2[36,1]   0.282 -0.735  0.153
ilr.fac2[36,2]  -1.098  0.005 -0.605
ilr.fac2[37,1]  -1.347 -0.108  2.130
ilr.fac2[37,2]  -0.167  0.904  0.877
ilr.fac2[38,1]  -0.883  0.258  0.217
ilr.fac2[38,2]  -0.446  0.339 -0.870
ilr.fac2[39,1]   0.231 -1.686 -0.637
ilr.fac2[39,2]   0.433  0.140  0.102
ilr.fac2[4,1]   -1.681 -0.054 -1.970
ilr.fac2[4,2]    0.295 -0.164 -1.982
ilr.fac2[40,1]   0.585 -0.895 -0.373
ilr.fac2[40,2]   0.266 -0.925 -0.919
ilr.fac2[41,1]   1.145 -0.659  2.081
ilr.fac2[41,2]  -0.967 -0.960 -1.102
ilr.fac2[42,1]  -0.440  1.019  0.250
ilr.fac2[42,2]  -0.386  1.423  0.520
ilr.fac2[43,1]   0.479  0.636  0.089
ilr.fac2[43,2]  -0.078 -0.590 -0.877
ilr.fac2[44,1]  -0.805 -2.177  1.664
ilr.fac2[44,2]  -0.825  0.736 -2.686
ilr.fac2[45,1]  -0.886  1.878  1.750
ilr.fac2[45,2]  -0.773 -0.241  0.954
ilr.fac2[46,1]   1.739 -0.147  1.700
ilr.fac2[46,2]   1.581 -0.076 -1.487
ilr.fac2[47,1]   1.567  0.960  0.679
ilr.fac2[47,2]  -0.122 -0.529 -1.661
ilr.fac2[48,1]  -1.216 -0.416 -0.501
ilr.fac2[48,2]  -0.883 -0.100 -0.844
ilr.fac2[49,1]   0.533 -1.469  0.170
ilr.fac2[49,2]   1.260 -0.201 -0.624
ilr.fac2[5,1]   -2.420 -0.248 -0.750
ilr.fac2[5,2]   -0.421  0.038  0.850
ilr.fac2[50,1]   0.248  0.645  1.300
ilr.fac2[50,2]  -0.469  0.244  0.268
ilr.fac2[51,1]  -0.491 -0.922 -1.371
ilr.fac2[51,2]  -2.460 -0.558  0.415
ilr.fac2[52,1]  -1.039  1.115  0.747
ilr.fac2[52,2]  -1.779  2.198  0.339
ilr.fac2[53,1]  -0.094 -0.015  1.025
ilr.fac2[53,2]   0.326  1.002 -0.166
ilr.fac2[54,1]  -0.448 -0.279  0.610
ilr.fac2[54,2]   0.382  1.405 -0.432
ilr.fac2[55,1]  -0.223 -0.077  1.049
ilr.fac2[55,2]   0.992 -0.472  1.663
ilr.fac2[56,1]  -0.224 -1.154 -0.703
ilr.fac2[56,2]  -0.448  0.268  0.174
ilr.fac2[57,1]   0.612  0.821  0.322
ilr.fac2[57,2]  -0.282 -1.949 -1.219
ilr.fac2[58,1]  -0.174  0.998  0.428
ilr.fac2[58,2]   1.616  0.192 -0.810
ilr.fac2[59,1]   0.002  1.483  0.357
ilr.fac2[59,2]   0.214  2.702 -0.008
ilr.fac2[6,1]   -0.172 -1.488 -1.326
ilr.fac2[6,2]    0.963 -0.489  0.266
ilr.fac2[60,1]   2.844  0.524 -0.465
ilr.fac2[60,2]   0.329 -0.020 -0.199
ilr.fac2[61,1]   1.159  0.164  1.392
ilr.fac2[61,2]   0.921 -1.413  0.822
ilr.fac2[62,1]   0.094 -0.730 -0.535
ilr.fac2[62,2]   0.686 -0.432  0.890
ilr.fac2[63,1]  -0.462  1.635  0.446
ilr.fac2[63,2]  -0.270 -0.422  1.049
ilr.fac2[64,1]   1.374 -1.628  1.248
ilr.fac2[64,2]   0.660 -0.695 -0.141
ilr.fac2[65,1]   2.224  0.606 -0.867
ilr.fac2[65,2]   1.427 -0.227 -0.633
ilr.fac2[66,1]  -0.832  1.352  0.759
ilr.fac2[66,2]   0.934  1.280 -1.046
ilr.fac2[67,1]  -0.279 -0.324 -1.115
ilr.fac2[67,2]   1.421 -1.287 -2.225
ilr.fac2[68,1]   0.237  0.292 -1.155
ilr.fac2[68,2]   1.699 -0.490 -1.313
ilr.fac2[69,1]  -0.998 -0.149 -0.668
ilr.fac2[69,2]  -0.143 -0.665 -0.341
ilr.fac2[7,1]    0.297 -0.567  0.000
ilr.fac2[7,2]   -0.819  0.278  0.442
ilr.fac2[70,1]   2.821  0.974 -0.157
ilr.fac2[70,2]   1.297 -0.080  0.366
ilr.fac2[71,1]   1.822  2.330  1.432
ilr.fac2[71,2]   0.085  0.976  0.107
ilr.fac2[72,1]   1.047 -0.841  0.818
ilr.fac2[72,2]   1.460 -1.374 -1.021
ilr.fac2[73,1]  -0.639  0.613  0.620
ilr.fac2[73,2]   0.559 -0.117 -0.273
ilr.fac2[74,1]   0.129 -1.088  2.746
ilr.fac2[74,2]  -0.439 -0.490 -1.369
ilr.fac2[75,1]  -1.206  0.243 -0.891
ilr.fac2[75,2]   0.516  2.268 -0.207
ilr.fac2[76,1]   0.311 -1.430 -0.227
ilr.fac2[76,2]   0.925 -1.538 -0.443
ilr.fac2[77,1]   2.391  1.374  0.878
ilr.fac2[77,2]  -0.369 -0.304 -1.218
ilr.fac2[78,1]   0.269 -0.805  1.185
ilr.fac2[78,2]   0.058  0.060 -1.933
ilr.fac2[79,1]  -0.008 -1.994  2.521
ilr.fac2[79,2]  -0.592 -0.188  1.050
ilr.fac2[8,1]   -0.022 -1.444 -2.752
ilr.fac2[8,2]    0.675  1.263  0.473
ilr.fac2[80,1]  -0.659  0.726  0.978
ilr.fac2[80,2]   0.433 -1.123 -1.606
ilr.fac2[81,1]   0.220  0.672 -0.464
ilr.fac2[81,2]   0.695 -0.829 -1.398
ilr.fac2[82,1]   1.183 -0.204 -1.284
ilr.fac2[82,2]   0.913  2.064  0.204
ilr.fac2[83,1]   0.777  1.223  2.457
ilr.fac2[83,2]  -0.776 -0.651  0.730
ilr.fac2[84,1]   0.832  0.187 -0.631
ilr.fac2[84,2]   1.618  0.228  0.920
ilr.fac2[85,1]  -0.863  0.422  1.341
ilr.fac2[85,2]  -0.054  0.431 -0.970
ilr.fac2[86,1]  -0.698 -0.404 -0.895
ilr.fac2[86,2]  -0.409 -0.533 -3.850
ilr.fac2[87,1]   2.163 -0.555  1.617
ilr.fac2[87,2]  -0.093  0.180 -0.095
ilr.fac2[88,1]  -0.768 -0.131  0.717
ilr.fac2[88,2]  -1.182  0.398  0.357
ilr.fac2[89,1]  -1.488  1.025 -0.796
ilr.fac2[89,2]  -0.574  0.030  1.892
ilr.fac2[9,1]   -1.111  1.961  0.422
ilr.fac2[9,2]   -0.532 -1.107 -0.829
ilr.fac2[90,1]   0.789 -0.959 -0.364
ilr.fac2[90,2]  -1.290 -0.218 -0.389
ilr.fac2[91,1]   1.273  0.219  0.481
ilr.fac2[91,2]   0.213  0.447  0.178
ilr.fac2[92,1]   0.419 -0.226  0.533
ilr.fac2[92,2]  -0.467  0.477  0.824
ilr.fac2[93,1]  -0.469  0.381  1.447
ilr.fac2[93,2]  -0.096  0.153  1.242
ilr.fac2[94,1]  -0.429 -0.309  1.209
ilr.fac2[94,2]  -1.269  1.206  0.587
ilr.fac2[95,1]  -0.973 -0.700 -1.281
ilr.fac2[95,2]  -0.792  0.900 -0.753
ilr.fac2[96,1]  -2.521 -0.580 -0.354
ilr.fac2[96,2]  -2.209 -1.387  0.294
ilr.fac2[97,1]  -0.287 -1.196 -0.472
ilr.fac2[97,2]   0.864 -0.398 -0.153
ilr.fac2[98,1]   0.491 -0.145  0.822
ilr.fac2[98,2]  -0.164 -0.472  0.153
ilr.fac2[99,1]   0.093 -0.900 -1.766
ilr.fac2[99,2]   0.578  0.494  0.369
ilr.global[1]    0.312 -0.381  1.711
ilr.global[2]    0.180  0.138 -1.367
loglik[1]       -0.159  0.421 -0.978
loglik[10]      -0.506 -1.093  0.777
loglik[100]     -1.055 -0.755 -0.265
loglik[101]      0.636  0.044  0.685
loglik[102]      0.754 -0.826  4.322
loglik[103]     -0.772  0.378 -0.760
loglik[104]      0.557 -0.800  3.115
loglik[105]     -0.096  0.072 -0.486
loglik[106]      0.245  2.415  1.248
loglik[107]      1.564 -0.508  1.257
loglik[108]     -0.407  0.015 -2.072
loglik[109]     -1.533  1.729  0.294
loglik[11]       0.151  0.845  1.248
loglik[110]      1.662 -0.539  2.385
loglik[111]      0.534 -0.415  0.567
loglik[112]      0.679  0.175  1.478
loglik[113]      0.510  0.476  1.643
loglik[12]      -0.088  2.955 -1.808
loglik[13]      -0.382 -0.908 -0.641
loglik[14]      -0.478  1.051  0.515
loglik[15]       1.558 -0.383  1.172
loglik[16]      -1.259 -0.090  0.848
loglik[17]       1.024 -0.058  2.680
loglik[18]      -0.734  0.832  0.418
loglik[19]       1.338 -0.915 -0.524
loglik[2]       -0.606 -1.935  1.990
loglik[20]      -1.122  0.922 -1.293
loglik[21]      -1.107 -0.046 -1.445
loglik[22]       0.356  0.445  1.603
loglik[23]      -0.553 -1.022 -0.992
loglik[24]      -1.279 -0.702  2.283
loglik[25]       1.561 -0.373 -1.086
loglik[26]       0.102 -0.169  0.159
loglik[27]      -0.644 -0.140 -0.259
loglik[28]       0.934  0.148  2.028
loglik[29]       0.382  0.601  0.511
loglik[3]        1.099  1.632  3.116
loglik[30]      -0.445 -0.267  0.062
loglik[31]      -0.320 -2.046  2.160
loglik[32]      -1.163  0.497  0.738
loglik[33]       1.161  0.850 -1.879
loglik[34]      -0.861  0.182  1.124
loglik[35]       0.937  0.077 -0.377
loglik[36]       1.941  0.076  0.203
loglik[37]       0.132 -0.658 -0.287
loglik[38]       1.238 -1.787  0.488
loglik[39]       0.654  0.137  0.890
loglik[4]        0.597  0.083 -0.738
loglik[40]       1.584 -0.594  0.238
loglik[41]       1.399 -0.364 -0.370
loglik[42]      -0.262  1.018  1.434
loglik[43]       0.954 -0.363 -0.048
loglik[44]       0.511 -1.923  3.086
loglik[45]       1.416  1.293 -1.543
loglik[46]       0.405  0.069  1.607
loglik[47]       0.793  1.699  1.770
loglik[48]       0.417  0.777  0.674
loglik[49]       0.747 -1.070  2.004
loglik[5]       -1.082 -0.597  1.082
loglik[50]      -1.481 -0.569  0.188
loglik[51]      -0.541  2.235 -0.820
loglik[52]       0.623  0.152  0.525
loglik[53]      -0.295  1.779 -0.080
loglik[54]       0.219  2.650 -1.698
loglik[55]      -0.091 -0.284 -0.643
loglik[56]      -1.400 -0.554  1.794
loglik[57]       0.328 -0.396 -0.273
loglik[58]       1.515 -1.558 -0.171
loglik[59]       1.941  0.277 -0.885
loglik[6]        1.429 -0.221  1.388
loglik[60]       1.322 -0.533  0.485
loglik[61]       1.902  0.150  0.680
loglik[62]      -0.868  0.320 -0.261
loglik[63]      -0.769 -1.021  0.252
loglik[64]       0.184 -0.962 -0.436
loglik[65]       0.615 -0.949 -0.178
loglik[66]      -1.272 -0.480 -1.143
loglik[67]      -1.023 -1.040  1.660
loglik[68]       1.509 -1.603 -0.102
loglik[69]       0.489  0.537  0.677
loglik[7]        0.606 -1.829 -0.237
loglik[70]       0.854 -0.666  0.192
loglik[71]      -1.056 -0.869 -0.136
loglik[72]       0.967 -0.461  0.094
loglik[73]       3.152 -0.039  0.714
loglik[74]       2.502  0.153 -0.792
loglik[75]      -1.092 -0.377 -0.248
loglik[76]      -1.167 -1.393  1.435
loglik[77]      -1.178 -1.374  0.431
loglik[78]       0.403 -1.527  0.749
loglik[79]       1.809  0.318  1.335
loglik[8]        1.273 -0.720 -0.394
loglik[80]      -1.545  1.530  0.169
loglik[81]       1.672 -0.337 -0.633
loglik[82]      -0.292 -1.194  1.795
loglik[83]       0.896 -1.795 -0.017
loglik[84]       0.104 -1.549 -0.449
loglik[85]       1.197  1.066  0.372
loglik[86]       0.263 -2.110  0.590
loglik[87]       1.603  0.184  0.815
loglik[88]      -1.218 -2.556  1.686
loglik[89]      -1.978 -0.075 -1.380
loglik[9]        1.188 -0.222  0.273
loglik[90]      -0.176  0.391  0.448
loglik[91]       0.505 -1.487  2.674
loglik[92]       2.800  1.075  2.861
loglik[93]       0.092  1.066  0.016
loglik[94]       0.220  3.024  0.709
loglik[95]       0.248  0.708  0.694
loglik[96]       0.774  0.586  0.540
loglik[97]      -0.827  1.182 -0.875
loglik[98]      -0.330  2.196  1.963
loglik[99]      -0.773  0.041  1.150
p.fac1[1,1]     -0.002 -1.152  1.104
p.fac1[1,2]     -0.077  1.275 -1.216
p.fac1[1,3]      0.188 -0.516  0.987
p.fac1[10,1]     0.422 -0.550 -0.297
p.fac1[10,2]    -0.327 -0.145 -0.084
p.fac1[10,3]    -0.110  0.935  1.105
p.fac1[11,1]     0.120 -0.473  0.219
p.fac1[11,2]     0.001  0.303 -0.818
p.fac1[11,3]    -0.299  0.326  1.868
p.fac1[2,1]      1.246  0.562  0.853
p.fac1[2,2]     -1.287 -0.328 -1.066
p.fac1[2,3]      0.322 -0.770  0.538
p.fac1[3,1]      0.046 -1.116  1.467
p.fac1[3,2]      0.007  1.251 -2.052
p.fac1[3,3]     -0.174 -0.923  1.804
p.fac1[4,1]      0.105  0.062  0.923
p.fac1[4,2]     -0.086  0.012 -0.719
p.fac1[4,3]      0.048 -0.323  0.450
p.fac1[5,1]     -0.912  1.476  0.767
p.fac1[5,2]      0.997 -1.449 -0.897
p.fac1[5,3]     -0.561  0.116  1.082
p.fac1[6,1]      0.141 -0.389  0.689
p.fac1[6,2]     -0.241  0.341 -0.810
p.fac1[6,3]      0.615  0.335  1.007
p.fac1[7,1]      0.650  0.305 -0.054
p.fac1[7,2]     -0.640 -0.335 -0.080
p.fac1[7,3]      0.037  0.301  1.018
p.fac1[8,1]     -1.201  1.167  2.383
p.fac1[8,2]      1.027 -0.846 -2.407
p.fac1[8,3]      0.045 -0.995  1.007
p.fac1[9,1]     -0.691 -0.013  1.174
p.fac1[9,2]      0.234 -0.087 -1.134
p.fac1[9,3]      0.345  0.475  0.448
p.global[1]     -0.002 -1.152  1.104
p.global[2]     -0.077  1.275 -1.216
p.global[3]      0.188 -0.516  0.987
resid.prop[1]    0.426  0.920 -2.298
resid.prop[2]   -1.680 -2.060  0.121
resid.prop[3]    1.139 -0.209  1.199
