#################################################################
# Summary Statistics
#################################################################

DIC = 340.4368

                                Mean    SD  2.5%    5%   25%   50%   75%   95%
Epsilon.1                      0.064 0.015 0.040 0.043 0.053 0.062 0.073 0.092
Epsilon.2                      0.179 0.031 0.129 0.135 0.157 0.175 0.197 0.237
Epsilon.3                      0.430 0.103 0.269 0.291 0.358 0.415 0.490 0.619
ID.SD                          2.587 0.443 1.846 1.931 2.271 2.545 2.858 3.368
p.wYear 2011.Estuarine         0.055 0.034 0.012 0.015 0.030 0.047 0.072 0.123
p.wYear 2012.Estuarine         0.107 0.117 0.004 0.007 0.026 0.063 0.146 0.350
p.wYear 2013.Estuarine         0.032 0.032 0.002 0.004 0.011 0.021 0.040 0.094
p.wYear 2014.Estuarine         0.040 0.048 0.002 0.004 0.011 0.025 0.050 0.130
p.wYear 2016.Estuarine         0.030 0.040 0.001 0.002 0.007 0.017 0.036 0.104
p.wYear 2017.Estuarine         0.065 0.058 0.005 0.008 0.025 0.048 0.087 0.180
p.wYear 2018.Estuarine         0.062 0.063 0.004 0.005 0.020 0.042 0.082 0.186
p.wYear 2019.Estuarine         0.055 0.063 0.003 0.004 0.015 0.034 0.073 0.179
p.wYear 2020.Estuarine         0.231 0.191 0.014 0.021 0.080 0.176 0.334 0.622
p.wYear 2021.Estuarine         0.034 0.051 0.001 0.002 0.007 0.016 0.039 0.126
p.wYear 2022.Estuarine         0.063 0.072 0.003 0.005 0.017 0.039 0.080 0.198
p.wYear 2011.Freshwater        0.937 0.038 0.847 0.863 0.919 0.946 0.965 0.982
p.wYear 2012.Freshwater        0.885 0.121 0.538 0.628 0.842 0.929 0.969 0.992
p.wYear 2013.Freshwater        0.960 0.037 0.861 0.889 0.947 0.971 0.984 0.994
p.wYear 2014.Freshwater        0.950 0.053 0.796 0.847 0.937 0.967 0.984 0.995
p.wYear 2016.Freshwater        0.967 0.042 0.853 0.890 0.960 0.981 0.991 0.997
p.wYear 2017.Freshwater        0.931 0.060 0.778 0.812 0.909 0.948 0.973 0.991
p.wYear 2018.Freshwater        0.932 0.066 0.756 0.803 0.910 0.952 0.977 0.993
p.wYear 2019.Freshwater        0.940 0.066 0.751 0.811 0.920 0.961 0.983 0.995
p.wYear 2020.Freshwater        0.734 0.204 0.240 0.314 0.616 0.788 0.897 0.972
p.wYear 2021.Freshwater        0.958 0.055 0.797 0.852 0.950 0.977 0.990 0.997
p.wYear 2022.Freshwater        0.925 0.079 0.711 0.771 0.904 0.950 0.976 0.993
p.wYear 2011.Seagrass          0.007 0.007 0.001 0.001 0.003 0.005 0.009 0.021
p.wYear 2012.Seagrass          0.008 0.014 0.000 0.000 0.001 0.003 0.009 0.032
p.wYear 2013.Seagrass          0.009 0.010 0.000 0.001 0.002 0.005 0.011 0.028
p.wYear 2014.Seagrass          0.009 0.014 0.000 0.000 0.002 0.005 0.011 0.034
p.wYear 2016.Seagrass          0.003 0.004 0.000 0.000 0.001 0.001 0.003 0.010
p.wYear 2017.Seagrass          0.004 0.006 0.000 0.000 0.001 0.002 0.004 0.013
p.wYear 2018.Seagrass          0.006 0.009 0.000 0.000 0.001 0.003 0.007 0.021
p.wYear 2019.Seagrass          0.005 0.009 0.000 0.000 0.001 0.002 0.006 0.020
p.wYear 2020.Seagrass          0.035 0.049 0.001 0.001 0.007 0.017 0.041 0.125
p.wYear 2021.Seagrass          0.008 0.015 0.000 0.000 0.001 0.003 0.008 0.031
p.wYear 2022.Seagrass          0.012 0.020 0.000 0.000 0.002 0.006 0.015 0.044
p.wYear 2011.ID 1.Estuarine    0.860 0.120 0.572 0.627 0.785 0.888 0.961 0.996
p.wYear 2011.ID 1.Freshwater   0.091 0.082 0.001 0.002 0.023 0.070 0.138 0.256
p.wYear 2011.ID 1.Seagrass     0.049 0.071 0.000 0.000 0.001 0.010 0.077 0.206
p.wYear 2011.ID 2.Estuarine    0.287 0.183 0.002 0.009 0.150 0.283 0.406 0.585
p.wYear 2011.ID 2.Freshwater   0.231 0.128 0.011 0.024 0.132 0.225 0.329 0.443
p.wYear 2011.ID 2.Seagrass     0.481 0.087 0.282 0.344 0.443 0.492 0.535 0.592
p.wYear 2011.ID 3.Estuarine    0.079 0.095 0.000 0.000 0.005 0.038 0.125 0.282
p.wYear 2011.ID 3.Freshwater   0.885 0.097 0.664 0.696 0.830 0.899 0.967 0.999
p.wYear 2011.ID 3.Seagrass     0.036 0.042 0.000 0.000 0.001 0.016 0.063 0.120
p.wYear 2011.ID 4.Estuarine    0.967 0.036 0.862 0.895 0.953 0.980 0.993 0.999
p.wYear 2011.ID 4.Freshwater   0.028 0.034 0.000 0.000 0.004 0.015 0.040 0.099
p.wYear 2011.ID 4.Seagrass     0.004 0.009 0.000 0.000 0.000 0.001 0.004 0.021
p.wYear 2011.ID 5.Estuarine    0.411 0.142 0.080 0.150 0.333 0.424 0.498 0.610
p.wYear 2011.ID 5.Freshwater   0.099 0.086 0.001 0.004 0.032 0.078 0.141 0.275
p.wYear 2011.ID 5.Seagrass     0.490 0.089 0.302 0.348 0.446 0.499 0.546 0.613
p.wYear 2011.ID 6.Estuarine    0.018 0.030 0.000 0.000 0.001 0.005 0.022 0.083
p.wYear 2011.ID 6.Freshwater   0.976 0.033 0.878 0.906 0.968 0.990 0.998 1.000
p.wYear 2011.ID 6.Seagrass     0.006 0.012 0.000 0.000 0.000 0.001 0.005 0.028
p.wYear 2011.ID 7.Estuarine    0.158 0.142 0.000 0.000 0.021 0.135 0.264 0.407
p.wYear 2011.ID 7.Freshwater   0.819 0.138 0.537 0.584 0.716 0.835 0.940 0.998
p.wYear 2011.ID 7.Seagrass     0.023 0.033 0.000 0.000 0.001 0.007 0.032 0.094
p.wYear 2011.ID 8.Estuarine    0.895 0.092 0.674 0.714 0.838 0.919 0.971 0.997
p.wYear 2011.ID 8.Freshwater   0.096 0.089 0.001 0.002 0.021 0.070 0.149 0.270
p.wYear 2011.ID 8.Seagrass     0.009 0.019 0.000 0.000 0.000 0.002 0.010 0.047
p.wYear 2011.ID 9.Estuarine    0.010 0.018 0.000 0.000 0.000 0.003 0.011 0.047
p.wYear 2011.ID 9.Freshwater   0.987 0.020 0.928 0.948 0.983 0.995 0.999 1.000
p.wYear 2011.ID 9.Seagrass     0.003 0.006 0.000 0.000 0.000 0.001 0.003 0.015
p.wYear 2011.ID 10.Estuarine   0.039 0.057 0.000 0.000 0.002 0.015 0.052 0.164
p.wYear 2011.ID 10.Freshwater  0.913 0.071 0.757 0.785 0.867 0.919 0.978 0.999
p.wYear 2011.ID 10.Seagrass    0.048 0.050 0.000 0.000 0.001 0.033 0.085 0.139
p.wYear 2011.ID 11.Estuarine   0.030 0.047 0.000 0.000 0.001 0.009 0.038 0.139
p.wYear 2011.ID 11.Freshwater  0.962 0.050 0.821 0.852 0.949 0.984 0.997 1.000
p.wYear 2011.ID 11.Seagrass    0.007 0.015 0.000 0.000 0.000 0.001 0.007 0.038
p.wYear 2011.ID 12.Estuarine   0.018 0.033 0.000 0.000 0.001 0.004 0.019 0.085
p.wYear 2011.ID 12.Freshwater  0.979 0.034 0.877 0.911 0.975 0.993 0.998 1.000
p.wYear 2011.ID 12.Seagrass    0.003 0.006 0.000 0.000 0.000 0.001 0.003 0.015
p.wYear 2011.ID 13.Estuarine   0.060 0.084 0.000 0.000 0.005 0.024 0.081 0.233
p.wYear 2011.ID 13.Freshwater  0.847 0.087 0.655 0.701 0.799 0.849 0.898 0.994
p.wYear 2011.ID 13.Seagrass    0.093 0.061 0.000 0.000 0.038 0.100 0.140 0.186
p.wYear 2011.ID 14.Estuarine   0.007 0.012 0.000 0.000 0.000 0.002 0.008 0.030
p.wYear 2011.ID 14.Freshwater  0.991 0.013 0.952 0.964 0.989 0.996 0.999 1.000
p.wYear 2011.ID 14.Seagrass    0.002 0.005 0.000 0.000 0.000 0.000 0.002 0.012
p.wYear 2011.ID 15.Estuarine   0.011 0.019 0.000 0.000 0.000 0.003 0.012 0.048
p.wYear 2011.ID 15.Freshwater  0.986 0.021 0.925 0.941 0.981 0.995 0.999 1.000
p.wYear 2011.ID 15.Seagrass    0.004 0.008 0.000 0.000 0.000 0.001 0.003 0.019
p.wYear 2011.ID 16.Estuarine   0.012 0.022 0.000 0.000 0.000 0.003 0.014 0.055
p.wYear 2011.ID 16.Freshwater  0.984 0.023 0.917 0.937 0.979 0.994 0.999 1.000
p.wYear 2011.ID 16.Seagrass    0.004 0.007 0.000 0.000 0.000 0.001 0.003 0.018
p.wYear 2011.ID 17.Estuarine   0.011 0.019 0.000 0.000 0.001 0.003 0.012 0.050
p.wYear 2011.ID 17.Freshwater  0.986 0.022 0.923 0.940 0.981 0.994 0.999 1.000
p.wYear 2011.ID 17.Seagrass    0.004 0.008 0.000 0.000 0.000 0.001 0.003 0.018
p.wYear 2012.ID 18.Estuarine   0.014 0.024 0.000 0.000 0.001 0.004 0.018 0.065
p.wYear 2012.ID 18.Freshwater  0.982 0.026 0.906 0.928 0.976 0.993 0.999 1.000
p.wYear 2012.ID 18.Seagrass    0.003 0.008 0.000 0.000 0.000 0.000 0.003 0.019
p.wYear 2012.ID 19.Estuarine   0.044 0.061 0.000 0.000 0.002 0.016 0.064 0.181
p.wYear 2012.ID 19.Freshwater  0.945 0.064 0.771 0.808 0.917 0.971 0.995 1.000
p.wYear 2012.ID 19.Seagrass    0.010 0.019 0.000 0.000 0.000 0.001 0.011 0.053
p.wYear 2012.ID 20.Estuarine   0.396 0.182 0.003 0.032 0.290 0.406 0.509 0.674
p.wYear 2012.ID 20.Freshwater  0.590 0.178 0.249 0.315 0.481 0.582 0.690 0.929
p.wYear 2012.ID 20.Seagrass    0.013 0.022 0.000 0.000 0.000 0.003 0.016 0.066
p.wYear 2012.ID 21.Estuarine   0.890 0.096 0.665 0.703 0.829 0.914 0.972 0.997
p.wYear 2012.ID 21.Freshwater  0.097 0.090 0.001 0.001 0.021 0.073 0.152 0.275
p.wYear 2012.ID 21.Seagrass    0.013 0.027 0.000 0.000 0.000 0.002 0.013 0.066
p.wYear 2013.ID 22.Estuarine   0.225 0.160 0.001 0.003 0.085 0.220 0.346 0.484
p.wYear 2013.ID 22.Freshwater  0.208 0.117 0.009 0.019 0.111 0.210 0.303 0.394
p.wYear 2013.ID 22.Seagrass    0.567 0.071 0.417 0.449 0.527 0.572 0.612 0.671
p.wYear 2013.ID 23.Estuarine   0.865 0.104 0.623 0.672 0.798 0.883 0.952 0.995
p.wYear 2013.ID 23.Freshwater  0.104 0.087 0.001 0.003 0.029 0.086 0.159 0.268
p.wYear 2013.ID 23.Seagrass    0.031 0.047 0.000 0.000 0.001 0.007 0.041 0.136
p.wYear 2013.ID 24.Estuarine   0.417 0.187 0.008 0.036 0.314 0.430 0.536 0.702
p.wYear 2013.ID 24.Freshwater  0.539 0.162 0.213 0.279 0.443 0.535 0.631 0.820
p.wYear 2013.ID 24.Seagrass    0.044 0.050 0.000 0.000 0.002 0.023 0.075 0.148
p.wYear 2013.ID 25.Estuarine   0.040 0.061 0.000 0.000 0.001 0.011 0.054 0.175
p.wYear 2013.ID 25.Freshwater  0.934 0.069 0.756 0.800 0.897 0.956 0.992 1.000
p.wYear 2013.ID 25.Seagrass    0.026 0.034 0.000 0.000 0.000 0.008 0.041 0.100
p.wYear 2013.ID 26.Estuarine   0.054 0.075 0.000 0.000 0.005 0.025 0.074 0.195
p.wYear 2013.ID 26.Freshwater  0.701 0.066 0.543 0.583 0.669 0.709 0.744 0.791
p.wYear 2013.ID 26.Seagrass    0.245 0.048 0.146 0.165 0.217 0.247 0.277 0.317
p.wYear 2013.ID 27.Estuarine   0.012 0.024 0.000 0.000 0.000 0.002 0.012 0.056
p.wYear 2013.ID 27.Freshwater  0.984 0.026 0.914 0.933 0.980 0.994 0.999 1.000
p.wYear 2013.ID 27.Seagrass    0.004 0.009 0.000 0.000 0.000 0.001 0.004 0.021
p.wYear 2013.ID 28.Estuarine   0.140 0.143 0.000 0.001 0.015 0.093 0.233 0.418
p.wYear 2013.ID 28.Freshwater  0.764 0.118 0.512 0.556 0.689 0.783 0.847 0.933
p.wYear 2013.ID 28.Seagrass    0.096 0.063 0.000 0.000 0.038 0.102 0.142 0.195
p.wYear 2013.ID 29.Estuarine   0.040 0.061 0.000 0.000 0.001 0.011 0.053 0.177
p.wYear 2013.ID 29.Freshwater  0.933 0.069 0.750 0.794 0.897 0.954 0.992 1.000
p.wYear 2013.ID 29.Seagrass    0.027 0.036 0.000 0.000 0.000 0.007 0.044 0.105
p.wYear 2013.ID 30.Estuarine   0.176 0.151 0.000 0.000 0.024 0.160 0.289 0.436
p.wYear 2013.ID 30.Freshwater  0.798 0.145 0.504 0.547 0.694 0.806 0.922 0.998
p.wYear 2013.ID 30.Seagrass    0.026 0.035 0.000 0.000 0.001 0.009 0.042 0.099
p.wYear 2013.ID 31.Estuarine   0.035 0.058 0.000 0.000 0.001 0.008 0.045 0.163
p.wYear 2013.ID 31.Freshwater  0.952 0.062 0.778 0.823 0.930 0.978 0.997 1.000
p.wYear 2013.ID 31.Seagrass    0.012 0.021 0.000 0.000 0.000 0.002 0.015 0.059
p.wYear 2013.ID 32.Estuarine   0.032 0.056 0.000 0.000 0.001 0.006 0.034 0.157
p.wYear 2013.ID 32.Freshwater  0.961 0.058 0.786 0.831 0.952 0.986 0.997 1.000
p.wYear 2013.ID 32.Seagrass    0.007 0.013 0.000 0.000 0.000 0.001 0.007 0.033
p.wYear 2013.ID 33.Estuarine   0.032 0.058 0.000 0.000 0.001 0.006 0.036 0.157
p.wYear 2013.ID 33.Freshwater  0.962 0.060 0.776 0.836 0.954 0.988 0.998 1.000
p.wYear 2013.ID 33.Seagrass    0.005 0.011 0.000 0.000 0.000 0.001 0.005 0.029
p.wYear 2013.ID 34.Estuarine   0.016 0.031 0.000 0.000 0.000 0.003 0.016 0.084
p.wYear 2013.ID 34.Freshwater  0.979 0.033 0.881 0.909 0.974 0.993 0.999 1.000
p.wYear 2013.ID 34.Seagrass    0.005 0.009 0.000 0.000 0.000 0.001 0.005 0.024
p.wYear 2013.ID 35.Estuarine   0.016 0.030 0.000 0.000 0.000 0.003 0.016 0.076
p.wYear 2013.ID 35.Freshwater  0.980 0.032 0.884 0.914 0.975 0.993 0.999 1.000
p.wYear 2013.ID 35.Seagrass    0.005 0.009 0.000 0.000 0.000 0.001 0.005 0.025
p.wYear 2013.ID 36.Estuarine   0.039 0.061 0.000 0.000 0.001 0.010 0.053 0.171
p.wYear 2013.ID 36.Freshwater  0.947 0.065 0.769 0.817 0.919 0.972 0.996 1.000
p.wYear 2013.ID 36.Seagrass    0.014 0.024 0.000 0.000 0.000 0.003 0.018 0.069
p.wYear 2013.ID 37.Estuarine   0.019 0.034 0.000 0.000 0.000 0.004 0.021 0.093
p.wYear 2013.ID 37.Freshwater  0.973 0.039 0.862 0.892 0.962 0.990 0.998 1.000
p.wYear 2013.ID 37.Seagrass    0.008 0.016 0.000 0.000 0.000 0.001 0.008 0.045
p.wYear 2013.ID 38.Estuarine   0.021 0.038 0.000 0.000 0.001 0.004 0.023 0.104
p.wYear 2013.ID 38.Freshwater  0.964 0.047 0.837 0.867 0.945 0.984 0.997 1.000
p.wYear 2013.ID 38.Seagrass    0.015 0.026 0.000 0.000 0.000 0.003 0.018 0.076
p.wYear 2013.ID 39.Estuarine   0.036 0.058 0.000 0.000 0.001 0.008 0.046 0.168
p.wYear 2013.ID 39.Freshwater  0.946 0.064 0.773 0.812 0.917 0.972 0.996 1.000
p.wYear 2013.ID 39.Seagrass    0.018 0.028 0.000 0.000 0.000 0.004 0.023 0.084
p.wYear 2013.ID 40.Estuarine   0.100 0.113 0.000 0.000 0.004 0.051 0.174 0.326
p.wYear 2013.ID 40.Freshwater  0.878 0.112 0.622 0.666 0.804 0.908 0.978 0.999
p.wYear 2013.ID 40.Seagrass    0.022 0.031 0.000 0.000 0.001 0.006 0.033 0.090
p.wYear 2014.ID 41.Estuarine   0.021 0.037 0.000 0.000 0.001 0.004 0.023 0.102
p.wYear 2014.ID 41.Freshwater  0.972 0.039 0.857 0.887 0.963 0.990 0.998 1.000
p.wYear 2014.ID 41.Seagrass    0.007 0.013 0.000 0.000 0.000 0.001 0.006 0.034
p.wYear 2014.ID 42.Estuarine   0.186 0.134 0.001 0.002 0.059 0.186 0.293 0.402
p.wYear 2014.ID 42.Freshwater  0.147 0.096 0.004 0.009 0.065 0.141 0.224 0.305
p.wYear 2014.ID 42.Seagrass    0.667 0.069 0.521 0.551 0.626 0.670 0.711 0.772
p.wYear 2014.ID 43.Estuarine   0.023 0.041 0.000 0.000 0.001 0.005 0.026 0.111
p.wYear 2014.ID 43.Freshwater  0.971 0.043 0.841 0.879 0.960 0.989 0.998 1.000
p.wYear 2014.ID 43.Seagrass    0.006 0.012 0.000 0.000 0.000 0.001 0.006 0.033
p.wYear 2014.ID 44.Estuarine   0.020 0.034 0.000 0.000 0.001 0.005 0.023 0.097
p.wYear 2014.ID 44.Freshwater  0.964 0.044 0.844 0.872 0.943 0.983 0.997 1.000
p.wYear 2014.ID 44.Seagrass    0.016 0.027 0.000 0.000 0.000 0.002 0.021 0.077
p.wYear 2014.ID 45.Estuarine   0.033 0.052 0.000 0.000 0.001 0.008 0.041 0.152
p.wYear 2014.ID 45.Freshwater  0.952 0.058 0.801 0.831 0.927 0.974 0.996 1.000
p.wYear 2014.ID 45.Seagrass    0.016 0.026 0.000 0.000 0.000 0.002 0.019 0.074
p.wYear 2014.ID 46.Estuarine   0.025 0.042 0.000 0.000 0.001 0.006 0.032 0.114
p.wYear 2014.ID 46.Freshwater  0.960 0.048 0.829 0.862 0.939 0.980 0.997 1.000
p.wYear 2014.ID 46.Seagrass    0.014 0.024 0.000 0.000 0.000 0.002 0.019 0.068
p.wYear 2014.ID 47.Estuarine   0.053 0.075 0.000 0.000 0.002 0.017 0.077 0.221
p.wYear 2014.ID 47.Freshwater  0.925 0.080 0.717 0.765 0.882 0.949 0.991 1.000
p.wYear 2014.ID 47.Seagrass    0.022 0.033 0.000 0.000 0.000 0.005 0.034 0.093
p.wYear 2014.ID 48.Estuarine   0.014 0.027 0.000 0.000 0.000 0.003 0.015 0.070
p.wYear 2014.ID 48.Freshwater  0.981 0.029 0.895 0.923 0.975 0.993 0.999 1.000
p.wYear 2014.ID 48.Seagrass    0.005 0.010 0.000 0.000 0.000 0.001 0.005 0.027
p.wYear 2014.ID 49.Estuarine   0.084 0.102 0.000 0.000 0.005 0.039 0.139 0.290
p.wYear 2014.ID 49.Freshwater  0.876 0.102 0.645 0.685 0.814 0.892 0.964 0.999
p.wYear 2014.ID 49.Seagrass    0.039 0.045 0.000 0.000 0.001 0.020 0.070 0.128
p.wYear 2014.ID 50.Estuarine   0.020 0.036 0.000 0.000 0.001 0.005 0.023 0.095
p.wYear 2014.ID 50.Freshwater  0.970 0.040 0.860 0.889 0.958 0.988 0.998 1.000
p.wYear 2014.ID 50.Seagrass    0.009 0.017 0.000 0.000 0.000 0.002 0.010 0.046
p.wYear 2014.ID 51.Estuarine   0.781 0.138 0.509 0.542 0.684 0.784 0.894 0.989
p.wYear 2014.ID 51.Freshwater  0.194 0.128 0.002 0.007 0.085 0.190 0.285 0.411
p.wYear 2014.ID 51.Seagrass    0.026 0.038 0.000 0.000 0.001 0.007 0.036 0.113
p.wYear 2014.ID 52.Estuarine   0.271 0.178 0.000 0.002 0.111 0.283 0.406 0.553
p.wYear 2014.ID 52.Freshwater  0.677 0.152 0.389 0.435 0.570 0.671 0.792 0.929
p.wYear 2014.ID 52.Seagrass    0.053 0.056 0.000 0.000 0.003 0.033 0.093 0.161
p.wYear 2016.ID 53.Estuarine   0.020 0.038 0.000 0.000 0.000 0.003 0.021 0.099
p.wYear 2016.ID 53.Freshwater  0.977 0.039 0.851 0.896 0.973 0.994 0.999 1.000
p.wYear 2016.ID 53.Seagrass    0.003 0.007 0.000 0.000 0.000 0.000 0.002 0.015
p.wYear 2016.ID 54.Estuarine   0.013 0.027 0.000 0.000 0.000 0.002 0.011 0.064
p.wYear 2016.ID 54.Freshwater  0.985 0.028 0.900 0.927 0.985 0.996 0.999 1.000
p.wYear 2016.ID 54.Seagrass    0.002 0.006 0.000 0.000 0.000 0.000 0.002 0.011
p.wYear 2016.ID 55.Estuarine   0.035 0.059 0.000 0.000 0.001 0.008 0.042 0.166
p.wYear 2016.ID 55.Freshwater  0.952 0.064 0.770 0.818 0.929 0.980 0.997 1.000
p.wYear 2016.ID 55.Seagrass    0.013 0.024 0.000 0.000 0.000 0.001 0.012 0.069
p.wYear 2016.ID 56.Estuarine   0.893 0.088 0.688 0.722 0.839 0.914 0.966 0.996
p.wYear 2016.ID 56.Freshwater  0.094 0.082 0.001 0.003 0.026 0.072 0.144 0.256
p.wYear 2016.ID 56.Seagrass    0.013 0.027 0.000 0.000 0.000 0.002 0.011 0.072
p.wYear 2016.ID 57.Estuarine   0.014 0.028 0.000 0.000 0.000 0.003 0.014 0.066
p.wYear 2016.ID 57.Freshwater  0.983 0.029 0.900 0.925 0.980 0.995 0.999 1.000
p.wYear 2016.ID 57.Seagrass    0.003 0.007 0.000 0.000 0.000 0.000 0.002 0.017
p.wYear 2016.ID 58.Estuarine   0.031 0.053 0.000 0.000 0.001 0.007 0.037 0.148
p.wYear 2016.ID 58.Freshwater  0.961 0.056 0.799 0.839 0.947 0.986 0.998 1.000
p.wYear 2016.ID 58.Seagrass    0.008 0.017 0.000 0.000 0.000 0.001 0.005 0.043
p.wYear 2016.ID 59.Estuarine   0.024 0.044 0.000 0.000 0.001 0.005 0.025 0.117
p.wYear 2016.ID 59.Freshwater  0.972 0.045 0.841 0.875 0.966 0.991 0.999 1.000
p.wYear 2016.ID 59.Seagrass    0.004 0.010 0.000 0.000 0.000 0.000 0.003 0.022
p.wYear 2016.ID 60.Estuarine   0.025 0.044 0.000 0.000 0.001 0.005 0.029 0.124
p.wYear 2016.ID 60.Freshwater  0.970 0.046 0.834 0.872 0.961 0.991 0.999 1.000
p.wYear 2016.ID 60.Seagrass    0.005 0.011 0.000 0.000 0.000 0.000 0.003 0.026
p.wYear 2016.ID 61.Estuarine   0.071 0.095 0.000 0.000 0.001 0.021 0.118 0.271
p.wYear 2016.ID 61.Freshwater  0.921 0.097 0.673 0.722 0.872 0.965 0.996 1.000
p.wYear 2016.ID 61.Seagrass    0.008 0.016 0.000 0.000 0.000 0.001 0.007 0.045
p.wYear 2016.ID 62.Estuarine   0.092 0.111 0.000 0.000 0.003 0.039 0.159 0.322
p.wYear 2016.ID 62.Freshwater  0.900 0.111 0.629 0.674 0.834 0.945 0.992 1.000
p.wYear 2016.ID 62.Seagrass    0.008 0.017 0.000 0.000 0.000 0.001 0.008 0.043
p.wYear 2016.ID 63.Estuarine   0.037 0.059 0.000 0.000 0.001 0.008 0.048 0.174
p.wYear 2016.ID 63.Freshwater  0.955 0.062 0.775 0.819 0.935 0.984 0.998 1.000
p.wYear 2016.ID 63.Seagrass    0.008 0.017 0.000 0.000 0.000 0.001 0.006 0.045
p.wYear 2017.ID 64.Estuarine   0.049 0.068 0.000 0.000 0.002 0.017 0.071 0.202
p.wYear 2017.ID 64.Freshwater  0.943 0.070 0.750 0.788 0.912 0.973 0.996 1.000
p.wYear 2017.ID 64.Seagrass    0.008 0.016 0.000 0.000 0.000 0.001 0.007 0.042
p.wYear 2017.ID 65.Estuarine   0.035 0.055 0.000 0.000 0.001 0.009 0.044 0.153
p.wYear 2017.ID 65.Freshwater  0.961 0.057 0.794 0.840 0.947 0.986 0.998 1.000
p.wYear 2017.ID 65.Seagrass    0.004 0.009 0.000 0.000 0.000 0.000 0.003 0.021
p.wYear 2017.ID 66.Estuarine   0.021 0.037 0.000 0.000 0.001 0.005 0.025 0.100
p.wYear 2017.ID 66.Freshwater  0.975 0.038 0.858 0.896 0.969 0.991 0.998 1.000
p.wYear 2017.ID 66.Seagrass    0.003 0.007 0.000 0.000 0.000 0.000 0.003 0.016
p.wYear 2017.ID 67.Estuarine   0.914 0.080 0.712 0.749 0.873 0.936 0.978 0.998
p.wYear 2017.ID 67.Freshwater  0.079 0.078 0.000 0.001 0.017 0.055 0.119 0.236
p.wYear 2017.ID 67.Seagrass    0.007 0.016 0.000 0.000 0.000 0.001 0.006 0.040
p.wYear 2017.ID 68.Estuarine   0.869 0.110 0.618 0.664 0.799 0.893 0.961 0.996
p.wYear 2017.ID 68.Freshwater  0.124 0.108 0.001 0.003 0.034 0.099 0.192 0.329
p.wYear 2017.ID 68.Seagrass    0.007 0.015 0.000 0.000 0.000 0.001 0.006 0.035
p.wYear 2017.ID 69.Estuarine   0.788 0.169 0.425 0.479 0.670 0.822 0.935 0.994
p.wYear 2017.ID 69.Freshwater  0.116 0.094 0.001 0.004 0.036 0.098 0.175 0.288
p.wYear 2017.ID 69.Seagrass    0.097 0.108 0.000 0.000 0.001 0.043 0.186 0.296
p.wYear 2017.ID 70.Estuarine   0.034 0.051 0.000 0.000 0.001 0.010 0.046 0.145
p.wYear 2017.ID 70.Freshwater  0.954 0.057 0.803 0.833 0.928 0.978 0.996 1.000
p.wYear 2017.ID 70.Seagrass    0.013 0.024 0.000 0.000 0.000 0.001 0.012 0.070
p.wYear 2017.ID 71.Estuarine   0.017 0.030 0.000 0.000 0.001 0.004 0.019 0.077
p.wYear 2017.ID 71.Freshwater  0.980 0.032 0.883 0.915 0.975 0.993 0.999 1.000
p.wYear 2017.ID 71.Seagrass    0.003 0.008 0.000 0.000 0.000 0.000 0.002 0.018
p.wYear 2017.ID 72.Estuarine   0.015 0.026 0.000 0.000 0.001 0.004 0.017 0.070
p.wYear 2017.ID 72.Freshwater  0.982 0.028 0.903 0.924 0.976 0.993 0.999 1.000
p.wYear 2017.ID 72.Seagrass    0.003 0.008 0.000 0.000 0.000 0.000 0.002 0.019
p.wYear 2017.ID 73.Estuarine   0.032 0.048 0.000 0.000 0.001 0.009 0.044 0.138
p.wYear 2017.ID 73.Freshwater  0.963 0.050 0.820 0.855 0.947 0.984 0.998 1.000
p.wYear 2017.ID 73.Seagrass    0.005 0.012 0.000 0.000 0.000 0.001 0.004 0.028
p.wYear 2017.ID 74.Estuarine   0.021 0.035 0.000 0.000 0.001 0.006 0.025 0.096
p.wYear 2017.ID 74.Freshwater  0.972 0.039 0.862 0.889 0.962 0.989 0.998 1.000
p.wYear 2017.ID 74.Seagrass    0.007 0.015 0.000 0.000 0.000 0.001 0.005 0.037
p.wYear 2017.ID 75.Estuarine   0.898 0.090 0.678 0.719 0.845 0.920 0.974 0.997
p.wYear 2017.ID 75.Freshwater  0.093 0.087 0.001 0.002 0.020 0.069 0.142 0.265
p.wYear 2017.ID 75.Seagrass    0.010 0.021 0.000 0.000 0.000 0.001 0.008 0.051
p.wYear 2017.ID 76.Estuarine   0.395 0.186 0.004 0.028 0.287 0.410 0.510 0.683
p.wYear 2017.ID 76.Freshwater  0.586 0.176 0.247 0.306 0.478 0.575 0.689 0.904
p.wYear 2017.ID 76.Seagrass    0.019 0.032 0.000 0.000 0.000 0.003 0.024 0.089
p.wYear 2017.ID 77.Estuarine   0.014 0.025 0.000 0.000 0.001 0.004 0.016 0.065
p.wYear 2017.ID 77.Freshwater  0.983 0.026 0.907 0.930 0.978 0.994 0.999 1.000
p.wYear 2017.ID 77.Seagrass    0.003 0.008 0.000 0.000 0.000 0.000 0.002 0.017
p.wYear 2017.ID 78.Estuarine   0.049 0.072 0.000 0.000 0.002 0.015 0.066 0.209
p.wYear 2017.ID 78.Freshwater  0.944 0.073 0.740 0.786 0.920 0.976 0.996 1.000
p.wYear 2017.ID 78.Seagrass    0.007 0.016 0.000 0.000 0.000 0.001 0.005 0.040
p.wYear 2017.ID 79.Estuarine   0.031 0.048 0.000 0.000 0.001 0.009 0.039 0.135
p.wYear 2017.ID 79.Freshwater  0.962 0.051 0.818 0.855 0.944 0.983 0.997 1.000
p.wYear 2017.ID 79.Seagrass    0.008 0.017 0.000 0.000 0.000 0.001 0.006 0.047
p.wYear 2017.ID 80.Estuarine   0.059 0.080 0.000 0.000 0.002 0.021 0.087 0.231
p.wYear 2017.ID 80.Freshwater  0.928 0.083 0.714 0.757 0.886 0.960 0.993 1.000
p.wYear 2017.ID 80.Seagrass    0.013 0.026 0.000 0.000 0.000 0.001 0.013 0.073
p.wYear 2018.ID 81.Estuarine   0.031 0.049 0.000 0.000 0.001 0.009 0.039 0.143
p.wYear 2018.ID 81.Freshwater  0.959 0.053 0.813 0.843 0.940 0.982 0.997 1.000
p.wYear 2018.ID 81.Seagrass    0.010 0.020 0.000 0.000 0.000 0.001 0.008 0.053
p.wYear 2018.ID 82.Estuarine   0.342 0.204 0.003 0.008 0.184 0.356 0.488 0.665
p.wYear 2018.ID 82.Freshwater  0.590 0.162 0.248 0.323 0.489 0.590 0.702 0.840
p.wYear 2018.ID 82.Seagrass    0.069 0.067 0.000 0.000 0.003 0.051 0.122 0.188
p.wYear 2018.ID 83.Estuarine   0.033 0.054 0.000 0.000 0.001 0.009 0.042 0.151
p.wYear 2018.ID 83.Freshwater  0.957 0.057 0.798 0.841 0.938 0.982 0.997 1.000
p.wYear 2018.ID 83.Seagrass    0.009 0.018 0.000 0.000 0.000 0.001 0.008 0.052
p.wYear 2018.ID 84.Estuarine   0.586 0.167 0.256 0.321 0.490 0.580 0.686 0.873
p.wYear 2018.ID 84.Freshwater  0.391 0.154 0.051 0.118 0.298 0.398 0.484 0.626
p.wYear 2018.ID 84.Seagrass    0.024 0.036 0.000 0.000 0.001 0.006 0.031 0.105
p.wYear 2018.ID 85.Estuarine   0.048 0.069 0.000 0.000 0.002 0.015 0.071 0.198
p.wYear 2018.ID 85.Freshwater  0.942 0.071 0.747 0.793 0.912 0.972 0.995 1.000
p.wYear 2018.ID 85.Seagrass    0.010 0.019 0.000 0.000 0.000 0.001 0.010 0.051
p.wYear 2018.ID 86.Estuarine   0.403 0.182 0.002 0.030 0.304 0.419 0.515 0.673
p.wYear 2018.ID 86.Freshwater  0.581 0.174 0.240 0.314 0.475 0.569 0.677 0.904
p.wYear 2018.ID 86.Seagrass    0.017 0.028 0.000 0.000 0.000 0.004 0.020 0.078
p.wYear 2018.ID 87.Estuarine   0.048 0.068 0.000 0.000 0.002 0.015 0.070 0.202
p.wYear 2018.ID 87.Freshwater  0.945 0.070 0.758 0.790 0.916 0.975 0.996 1.000
p.wYear 2018.ID 87.Seagrass    0.007 0.015 0.000 0.000 0.000 0.001 0.007 0.040
p.wYear 2018.ID 88.Estuarine   0.110 0.130 0.000 0.000 0.005 0.054 0.184 0.370
p.wYear 2018.ID 88.Freshwater  0.881 0.130 0.568 0.625 0.806 0.928 0.988 1.000
p.wYear 2018.ID 88.Seagrass    0.009 0.018 0.000 0.000 0.000 0.002 0.010 0.047
p.wYear 2018.ID 89.Estuarine   0.138 0.135 0.000 0.000 0.015 0.101 0.232 0.389
p.wYear 2018.ID 89.Freshwater  0.819 0.128 0.548 0.589 0.736 0.837 0.915 0.998
p.wYear 2018.ID 89.Seagrass    0.042 0.048 0.000 0.000 0.001 0.021 0.077 0.136
p.wYear 2018.ID 90.Estuarine   0.029 0.048 0.000 0.000 0.001 0.007 0.034 0.132
p.wYear 2018.ID 90.Freshwater  0.966 0.051 0.819 0.860 0.955 0.987 0.998 1.000
p.wYear 2018.ID 90.Seagrass    0.005 0.012 0.000 0.000 0.000 0.001 0.005 0.029
p.wYear 2019.ID 91.Estuarine   0.071 0.098 0.000 0.000 0.002 0.024 0.110 0.280
p.wYear 2019.ID 91.Freshwater  0.919 0.099 0.666 0.713 0.874 0.958 0.995 1.000
p.wYear 2019.ID 91.Seagrass    0.011 0.020 0.000 0.000 0.000 0.001 0.010 0.058
p.wYear 2019.ID 92.Estuarine   0.076 0.097 0.000 0.000 0.002 0.030 0.121 0.278
p.wYear 2019.ID 92.Freshwater  0.915 0.098 0.662 0.716 0.867 0.954 0.994 1.000
p.wYear 2019.ID 92.Seagrass    0.009 0.018 0.000 0.000 0.000 0.001 0.009 0.046
p.wYear 2019.ID 93.Estuarine   0.038 0.060 0.000 0.000 0.001 0.010 0.051 0.171
p.wYear 2019.ID 93.Freshwater  0.955 0.062 0.778 0.821 0.938 0.983 0.997 1.000
p.wYear 2019.ID 93.Seagrass    0.006 0.014 0.000 0.000 0.000 0.001 0.006 0.036
p.wYear 2019.ID 94.Estuarine   0.042 0.066 0.000 0.000 0.001 0.011 0.057 0.185
p.wYear 2019.ID 94.Freshwater  0.952 0.068 0.759 0.806 0.933 0.982 0.997 1.000
p.wYear 2019.ID 94.Seagrass    0.005 0.011 0.000 0.000 0.000 0.001 0.005 0.029
p.wYear 2019.ID 95.Estuarine   0.809 0.131 0.533 0.580 0.715 0.821 0.916 0.990
p.wYear 2019.ID 95.Freshwater  0.182 0.129 0.002 0.006 0.074 0.167 0.273 0.404
p.wYear 2019.ID 95.Seagrass    0.010 0.018 0.000 0.000 0.000 0.002 0.010 0.048
p.wYear 2019.ID 96.Estuarine   0.085 0.104 0.000 0.000 0.004 0.037 0.141 0.307
p.wYear 2019.ID 96.Freshwater  0.875 0.104 0.642 0.673 0.811 0.887 0.966 0.999
p.wYear 2019.ID 96.Seagrass    0.040 0.048 0.000 0.000 0.001 0.015 0.072 0.137
p.wYear 2019.ID 97.Estuarine   0.040 0.062 0.000 0.000 0.001 0.010 0.054 0.174
p.wYear 2019.ID 97.Freshwater  0.954 0.064 0.774 0.818 0.935 0.983 0.998 1.000
p.wYear 2019.ID 97.Seagrass    0.005 0.011 0.000 0.000 0.000 0.001 0.005 0.028
p.wYear 2019.ID 98.Estuarine   0.084 0.100 0.000 0.000 0.004 0.040 0.140 0.290
p.wYear 2019.ID 98.Freshwater  0.902 0.101 0.664 0.699 0.842 0.934 0.989 1.000
p.wYear 2019.ID 98.Seagrass    0.014 0.025 0.000 0.000 0.000 0.002 0.016 0.073
p.wYear 2020.ID 99.Estuarine   0.626 0.155 0.355 0.401 0.527 0.605 0.703 0.960
p.wYear 2020.ID 99.Freshwater  0.070 0.067 0.001 0.002 0.017 0.052 0.105 0.200
p.wYear 2020.ID 99.Seagrass    0.304 0.127 0.000 0.003 0.251 0.333 0.391 0.459
p.wYear 2020.ID 100.Estuarine  0.950 0.056 0.793 0.830 0.929 0.970 0.991 0.999
p.wYear 2020.ID 100.Freshwater 0.043 0.054 0.000 0.000 0.005 0.023 0.061 0.161
p.wYear 2020.ID 100.Seagrass   0.007 0.013 0.000 0.000 0.000 0.002 0.007 0.030
p.wYear 2020.ID 101.Estuarine  0.294 0.170 0.005 0.017 0.165 0.295 0.414 0.559
p.wYear 2020.ID 101.Freshwater 0.205 0.120 0.006 0.016 0.109 0.203 0.294 0.405
p.wYear 2020.ID 101.Seagrass   0.502 0.079 0.329 0.374 0.462 0.509 0.553 0.609
p.wYear 2020.ID 102.Estuarine  0.080 0.089 0.000 0.000 0.007 0.047 0.129 0.262
p.wYear 2020.ID 102.Freshwater 0.898 0.091 0.683 0.722 0.843 0.920 0.975 0.999
p.wYear 2020.ID 102.Seagrass   0.022 0.030 0.000 0.000 0.001 0.007 0.033 0.087
p.wYear 2021.ID 103.Estuarine  0.029 0.049 0.000 0.000 0.001 0.007 0.034 0.135
p.wYear 2021.ID 103.Freshwater 0.938 0.063 0.788 0.823 0.898 0.955 0.994 1.000
p.wYear 2021.ID 103.Seagrass   0.033 0.042 0.000 0.000 0.000 0.009 0.060 0.117
p.wYear 2021.ID 104.Estuarine  0.012 0.023 0.000 0.000 0.000 0.002 0.013 0.059
p.wYear 2021.ID 104.Freshwater 0.984 0.026 0.913 0.931 0.980 0.995 0.999 1.000
p.wYear 2021.ID 104.Seagrass   0.004 0.009 0.000 0.000 0.000 0.001 0.003 0.022
p.wYear 2021.ID 105.Estuarine  0.020 0.036 0.000 0.000 0.001 0.004 0.022 0.092
p.wYear 2021.ID 105.Freshwater 0.958 0.050 0.830 0.856 0.933 0.979 0.997 1.000
p.wYear 2021.ID 105.Seagrass   0.022 0.034 0.000 0.000 0.000 0.003 0.030 0.099
p.wYear 2021.ID 106.Estuarine  0.032 0.055 0.000 0.000 0.001 0.007 0.037 0.158
p.wYear 2021.ID 106.Freshwater 0.959 0.058 0.786 0.834 0.945 0.985 0.998 1.000
p.wYear 2021.ID 106.Seagrass   0.009 0.017 0.000 0.000 0.000 0.001 0.008 0.046
p.wYear 2022.ID 107.Estuarine  0.029 0.048 0.000 0.000 0.001 0.007 0.037 0.131
p.wYear 2022.ID 107.Freshwater 0.958 0.053 0.817 0.851 0.937 0.980 0.997 1.000
p.wYear 2022.ID 107.Seagrass   0.012 0.022 0.000 0.000 0.000 0.002 0.014 0.063
p.wYear 2022.ID 108.Estuarine  0.429 0.198 0.012 0.064 0.308 0.439 0.555 0.753
p.wYear 2022.ID 108.Freshwater 0.500 0.157 0.149 0.231 0.408 0.504 0.595 0.766
p.wYear 2022.ID 108.Seagrass   0.071 0.067 0.000 0.000 0.005 0.055 0.126 0.192
p.wYear 2022.ID 109.Estuarine  0.502 0.176 0.094 0.192 0.405 0.505 0.601 0.806
p.wYear 2022.ID 109.Freshwater 0.477 0.166 0.100 0.188 0.384 0.479 0.572 0.753
p.wYear 2022.ID 109.Seagrass   0.021 0.031 0.000 0.000 0.001 0.006 0.028 0.089
p.wYear 2022.ID 110.Estuarine  0.086 0.104 0.000 0.000 0.003 0.039 0.142 0.298
p.wYear 2022.ID 110.Freshwater 0.896 0.104 0.641 0.688 0.837 0.927 0.986 1.000
p.wYear 2022.ID 110.Seagrass   0.017 0.027 0.000 0.000 0.000 0.004 0.023 0.077
p.wYear 2022.ID 111.Estuarine  0.018 0.032 0.000 0.000 0.001 0.004 0.020 0.082
p.wYear 2022.ID 111.Freshwater 0.974 0.037 0.874 0.896 0.963 0.989 0.998 1.000
p.wYear 2022.ID 111.Seagrass   0.009 0.017 0.000 0.000 0.000 0.001 0.008 0.045
p.wYear 2022.ID 112.Estuarine  0.071 0.092 0.000 0.000 0.004 0.029 0.116 0.264
p.wYear 2022.ID 112.Freshwater 0.897 0.095 0.675 0.715 0.843 0.916 0.980 0.999
p.wYear 2022.ID 112.Seagrass   0.031 0.039 0.000 0.000 0.001 0.011 0.054 0.112
p.wYear 2022.ID 113.Estuarine  0.031 0.045 0.000 0.000 0.002 0.012 0.039 0.126
p.wYear 2022.ID 113.Freshwater 0.845 0.069 0.715 0.741 0.800 0.837 0.884 0.990
p.wYear 2022.ID 113.Seagrass   0.125 0.062 0.000 0.001 0.090 0.134 0.169 0.211